44031 569430 52293 986948 253062 24311 954114 661312 717389 350560 719813 620695 213349 765254 56735 25562 101445 528377 926378 466498
929284 884911 708163 621468 22108 87353 759046 277719 961387 772281 592854 269831 74624 990408 398109 825984 343258 532644 236079 187864
89933 823124 142093 316257 863792 114085 219085 590486 709431 569513 283338 896526 813266 857226 726490 39673 744000 950315 747463 599924
274874 722867 41608 454121 406517 597 11351 665454 650560 641728 57722 67 492014 319802 374127 377324 423545 955856 248801 900476
885224 752411 632733 52662 24556 315356 542880 599658 576059 465914 525199 93537 258184 273007 59312 533050 135261 277365 751010 960367
687495 640632 86518 258079 890566 927967 838590 252305 650921 241940 253749 126068 347139 594135 530715 943784 483914 815013 843551 23176
767577 95171 286393 208302 558651 490587 149308 311038 280687 963982 110065 560930 149595 649125 333061 496036 791848 610054 191639 611292
936916 478923 977103 686093 739792 753149 883813 120132 134416 170751 184411 526508 274876 406167 898114 158130 830985 465572 249582 414004
605246 807191 820956 822296 810784 843422 581374 926674 496461 736013 69684 67054 233659 434637 409759 171710 207015 777487 7264 564736
767658 554246 743863 683532 230204 493189 659743 448626 611482 327898 417901 559245 954812 884688 70222 659495 461896 876144 367081 78285
167132 409687 286125 885898 959102 970223 737737 391625 290736 680277 236015 819557 167363 418836 474095 706567 276426 365398 593727 73675
155234 145114 189222 316657 812417 286963 391187 330794 583168 590284 620836 817474 31906 71433 664436 418902 310264 875664 214214 456420
696490 978404 181341 91534 24349 955290 759060 613488 194614 654037 289679 224272 517105 859729 863664 352583 426428 996309 644083 743525
966247 743215 873939 519030 998383 573891 689656 508191 490525 421730 656963 801707 768989 949355 808884 50809 677202 829030 440523 421323
649081 895117 734165 134370 989419 808090 767343 992949 703876 802064 838933 603156 716101 738159 357460 53884 181651 134083 738451 895682
676244 286717 350389 955986 503831 166292 357960 388477 151619 361687 941181 108339 727147 649064 307447 346892 162357 337671 295155 725448
370655 804107 268045 616411 430229 266328 333456 626435 889077 93202 654319 819206 227810 95723 484329 59974 762029 607361 219389 460065
970259 708041 704887 846926 284115 870585 276283 759760 253851 842876 769575 70306 50800 482418 97691 793043 617803 206079 832741 367604
886230 836625 146667 741759 653807 115495 436572 935755 559593 388550 529234 22623 788179 184493 690936 715258 104995 349279 66889 240889
754757 197806 982912 31758 737540 516737 734808 140761 897340 55739 362336 926414 355689 886552 767751 141666 569264 249511 597824 552602
401012 755671 380986 681348 292838 916629 486665 633009 13102 87827 231728 861512 562219 652002 40040 578817 995465 744436 916280 339191
139729 161672 614297 835071 186146 632006 464739 917329 20636 707896 409658 533239 612183 135114 323197 873769 396435 987877 132530 42653
70625 967837 247040 895767 252120 126078 867965 893830 803515 314954 545333 96071 767858 339591 538267 593458 307168 775935 837174 419894
665404 841459 715846 358572 658841 307114 536678 839197 761944 181339 624392 947088 216010 27871 915865 287315 489595 876709 150936 539626
35163 730674 721559 236201 591947 809391 860725 548878 991479 501505 946261 444734 409808 184902 834459 892956 179346 583728 690244 40901
407438 361289 16279 343753 517348 456514 553787 165033 525445 68774 631489 862446 190863 137572 608457 590511 934188 957540 507071 821475
455944 139748 45280 670244 786554 631972 94726 283110 784615 653863 785134 87700 842376 185869 214888 785616 815948 410962 502095 588206
424648 137401 53239 356927 504817 739536 825552 290597 246744 142687 639955 195238 444330 865453 499260 222359 638962 224664 503742 848869
278189 31650 287282 605316 492646 183831 344373 550490 872474 230403 518997 63203 122493 419238 197967 4241 485992 277050 395482 949996
924763 615243 105680 987751 309010 886770 614959 495820 888525 282836 753011 1758 957988 295024 83189 413939 951479 67211 425083 758408
584182 905480 686047 200622 690134 29609 888128 309959 378907 3681 74630 345749 807605 593207 214034 824031 192884 824612 700270 543460
274048 128731 227336 160935 398809 179073 966204 817663 891439 419168 849068 630735 597337 148146 619400 710674 317634 916820 877053 515940
641327 945458 908051 337298 568603 160323 289064 767076 619101 249532 716423 280879 72673 437474 278692 776590 744055 180597 526150 707862
176398 153344 436012 125364 955829 816316 839520 756313 385435 991085 601031 873184 659361 925820 999753 672594 342684 413929 914972 203604
997028 118777 416204 973886 796598 644689 81393 990580 346380 689796 402223 839094 472376 976007 501527 727576 516987 911454 168766 668818
87053 338089 271277 524929 952987 308718 927006 424379 780805 864981 127712 304520 212648 138234 370912 429198 718428 961452 894582 261313
397116 504433 5407 875992 381470 13893 664200 241314 912327 911044 649554 944701 660454 294356 394781 417544 328877 620614 480239 966078
311251 544165 486065 712752 79935 557602 233236 201032 231266 62452 128739 350095 861341 403506 554702 70581 268552 760828 77983 351126
849617 603443 825470 439479 209228 872904 257874 379613 915014 58421 202868 595417 957125 655150 741028 343301 96581 493128 368254 646650
314788 464609 242403 416745 627883 256193 240756 304568 162241 254662 316426 352762 4653 49838 499981 730235 459968 281388 5329 806313
195884 381737 987366 453981 905845 461618 910242 327971 219252 78685 47626 967566 949235 81850 374027 577579 511212 723964 841298 522139
162451 595900 186379 680485 54122 984932 327130 954675 931973 636736 346525 281538 482198 690137 187843 169166 124507 402433 237463 200666
77809 191536 909988 321359 729768 192210 17561 573539 258653 250716 465535 16542 108432 869489 409145 284828 827665 585571 164666 856839
753373 525456 169633 709169 426179 875853 643937 154469 538893 837680 888661 545134 520338 397914 875292 64785 603814 980668 941633 874312
869951 86283 523811 431638 379067 643736 276577 188356 96800 167923 299383 308174 259834 188167 296374 966084 668513 224563 964661 712302
765580 659577 378963 685959 803269 134210 754479 165437 741811 925575 265800 953065 97556 259705 256955 658047 304716 907943 816421 372317
919327 109950 116828 638145 305815 465956 539104 953939 736500 396436 944575 292125 547976 385765 680193 135975 734584 433512 947278 43958
955202 235444 211443 848380 86317 519242 841108 814980 886749 145255 830226 542581 910526 827089 661087 943269 325286 378604 702011 785071
177190 969065 56876 397436 783806 538813 60193 85054 663743 886413 110986 697847 171243 803134 890071 612061 301100 550472 726231 828377
952566 924150 17600 498332 695177 820997 606189 954305 767473 227074 813649 40210 794910 180792 552098 105252 981510 91329 199585 122257
835570 608649 243931 876390 690111 787095 849591 217538 471358 218857 139847 498490 996078 211903 578057 968076 611508 332174 631630 481340
721750 81704 745150 507769 844795 456486 845646 970308 341141 535042 407170 526466 336405 944359 424939 967012 103699 216285 268184 505796
76166 107529 110052 620833 661625 343256 189102 567141 542105 859375 478011 828473 59217 551092 761396 574314 104693 758371 329256 927488
691738 572398 229643 13612 537689 268394 155410 891728 45812 70026 114823 337863 847021 310732 739924 816422 947792 653454 300559 690826
98305 534713 717703 821520 457523 361154 356066 855523 431084 84309 14801 772675 901160 920788 730413 913118 5745 388993 24265 447220
860571 536702 49681 505271 832740 861307 149193 466500 972102 321596 897971 785809 673715 94739 54149 695618 796386 180090 614852 623493
941897 961359 338974 967998 422397 312110 50093 218127 539615 991910 361767 437487 254111 901587 406296 260883 691423 769924 61169 216920
135338 946878 916039 341416 934097 113897 734700 749821 736689 631474 659141 386098 654736 518111 176049 268805 569886 495816 868642 764286
622500 288855 518266 371002 916328 178144 681757 676351 210290 643559 848120 1550 636993 6071 371926 298265 817283 186358 332872 762266
754414 95020 46040 352145 586981 882755 804333 793090 114259 820615 997829 496294 649079 726155 604030 345034 69051 997163 394713 861050
144370 816408 358460 224669 732821 585361 567150 822342 359758 50402 33692 293850 893907 672830 745314 476600 637441 707488 364574 555464
52215 118800 67030 135550 159326 318526 767074 445069 520897 498923 379997 195584 435981 744539 261265 938099 428988 879527 118911 492580
243367 256922 104996 158366 24247 399080 709763 413680 851461 233513 441012 605691 497979 131366 802425 250426 720541 127285 159384 945467
537599 903620 506152 735611 715147 484260 381162 611121 155288 797915 390936 71808 871311 265255 717550 584772 686429 438633 404321 633992
33024 401952 772503 293857 450115 409251 477947 610323 198947 217049 760950 990609 151957 409910 865776 951270 757020 351649 327281 193343
876040 828504 362786 682742 808622 19412 622217 362897 344626 52098 209854 307002 601235 268066 561397 87838 220375 75325 451106 929891
454019 484412 694304 467518 344176 966477 90995 352162 693424 577501 287408 460353 936852 969112 274972 688647 202427 331212 389398 551083
880587 151706 184924 360263 647720 767676 642890 514029 809018 593623 666882 294589 331883 766097 129578 22813 891227 214621 567666 856990
311407 795945 377179 127136 502170 566318 300609 49408 859232 833874 501902 464941 343553 565644 47660 897196 639611 694797 356207 641939
472803 763387 394981 336370 126440 575020 640844 68839 287049 813747 256053 942950 888156 657326 221321 520252 757719 339250 765926 621188
333189 992778 339567 692348 41542 22021 664425 825944 64539 938277 665933 930128 103736 389063 394868 999102 527129 65816 571351 641815
510957 793948 803199 108167 853572 574900 141173 164819 944884 609204 437813 163384 787571 398503 490265 81711 390419 9450 780987 176870
322030 601112 763282 834499 989636 642966 159762 575909 168225 101293 713911 866279 679559 372870 975896 194213 259231 355152 186694 357603
106962 969193 36805 144871 856298 639728 925898 256014 414020 893335 428918 943584 731287 651864 256787 811926 725112 893994 781973 234569
428297 996865 888964 536137 617222 873735 502157 404140 15836 916945 590763 869613 294377 940339 699257 425752 1771 195985 574075 745697
695803 576107 370051 132768 66209 493136 151013 495696 330268 349420 636952 221641 624157 891007 645158 153686 27907 60631 98329 915496
32622 54039 262971 414333 523929 103791 847295 911530 841876 186250 927942 502683 143716 334587 274973 335715 874749 879621 392902 423836
525192 235596 392861 6499 788804 881741 122487 735217 848017 117568 981680 503120 247569 832151 252991 81321 24678 68276 589234 449211
437204 371959 697637 316680 877573 808037 164996 151626 17157 285223 852112 10980 753402 644318 525674 944807 158740 848449 19751 750436
102761 20830 539604 561116 205849 71680 346791 40205 149570 167743 354455 683165 472252 286971 834020 138804 939790 499892 635662 792809
670804 284926 78219 693177 293873 360563 927232 846051 723683 87908 9759 246652 740312 833914 449397 755740 705650 63113 114038 958952
965433 372947 319722 701387 250171 135680 44547 359602 364947 491602 401395 163003 615107 247626 973359 606441 863473 493104 935490 98917
53826 457643 103068 740104 183860 673354 481474 985087 839851 692856 546145 92396 665648 448777 723728 279450 229002 409820 758817 587908
180884 12835 543679 194088 295267 252086 642748 834436 293160 544069 184799 158555 74694 166605 210959 37378 392923 108920 845818 845725
637515 473133 10257 485533 465679 245285 708200 499625 607065 469890 774020 287275 739147 560180 633091 997900 810763 941663 48489 350534
951940 868392 572276 372605 377541 275460 237435 713031 97586 767350 580936 281212 265955 798214 442209 634839 452048 897277 783053 26067
770244 116456 267859 551724 407214 894055 473836 517350 820802 650146 537489 126098 260370 433104 998549 836465 957987 991425 467441 319567
355716 205839 855213 785708 187119 226341 461866 554394 854645 46362 9435 990995 61480 374853 839535 212765 763536 722354 216881 704197
316679 944238 801367 918698 297092 713532 588519 653964 702744 796378 220331 687862 290631 957474 992256 761352 299496 801028 943564 601629
179858 181683 248810 784508 884319 149667 390089 65731 504409 533002 421467 700493 137308 397980 618773 988051 181267 449044 462948 778813
350885 908165 303226 878484 481852 852758 630662 848338 423304 38262 962654 942070 747802 377291 655785 496850 46318 899636 793249 714904
414274 355505 506324 228665 204631 50361 164987 715901 7460 207302 656446 383447 899486 837454 298223 381040 372215 308126 688497 110909
661521 180530 861052 68129 257149 199222 847322 205182 791840 909345 56494 507762 168748 454388 120754 368329 500104 6141 880224 158481
637494 18519 425987 452986 405038 871066 989978 172835 43391 397661 878172 169392 75504 696353 553819 999818 863644 860064 899886 862024
186812 766402 672686 472699 32589 904902 598755 175021 384424 104868 919642 351700 429133 927262 360043 402067 560237 487144 958563 577848
232519 830164 308276 833212 71814 263814 314267 694164 892 243550 623422 751317 412344 10529 178695 590247 396463 90711 832325 722410
405941 901204 37383 111205 539972 642378 318240 305003 267319 193826 788256 595206 612860 938174 468111 353702 123439 73685 243548 592434
65623 790427 999972 620172 923595 512502 437673 762035 496430 945910 66043 422846 636820 187277 797200 239491 582974 932201 83597 91783
817594 771053 586387 333399 118813 841902 65962 454447 528975 863704 416739 565901 886361 244830 155252 516577 144097 180322 70718 452808
995874 867908 779342 240786 177587 586719 759913 723528 501296 335021 477738 616161 995061 16812 286088 431298 759942 840346 430246 236716
656584 210467 215372 477987 547004 965892 731145 275147 526461 476064 798268 110481 98778 696302 330167 261789 732832 739786 630735 443263
492762 898799 767772 783602 933753 881730 380145 822434 662440 506903 935870 673101 836228 296573 863641 825063 23877 290717 879260 554442
938143 228981 94913 840538 295344 446754 193523 656179 897713 25773 87596 137546 35998 397543 366807 556598 533680 145643 170638 228582
120590 180531 714650 12976 138978 558347 495449 355524 60555 452386 203339 281061 474521 588516 640446 894444 70227 679634 695284 581558
633966 241583 243181 207024 873088 931859 98569 676158 540424 111605 79322 104595 192526 227037 301308 598951 383420 583110 168724 508666
423679 202883 383361 598756 652791 518784 23767 508357 625107 914165 826634 395632 254768 929239 827452 239599 195827 300283 340900 230034
338139 706421 763502 943005 375184 249404 865751 303729 802046 81397 793256 825367 409816 917815 407832 699508 567019 602067 271312 448464
643198 287418 959965 80790 470889 509780 379607 209069 946519 502788 14564 15234 971730 233960 919763 833713 21654 768191 608301 835082
645404 445732 733784 742671 689382 481149 904887 313202 348684 462191 197044 703676 191579 293470 626830 997740 19171 731385 874341 788177
789978 510953 463328 305225 838309 854739 393828 952991 184427 782621 49506 359023 150884 709056 930358 487604 748254 282385 427704 834195
949450 185831 414232 282282 485896 770242 411309 318717 580725 818963 130164 553818 687592 986793 715568 437300 974728 690581 934826 442567
314308 769188 269585 448863 927089 644931 517715 270589 401818 638449 91907 662465 38359 876114 125341 300173 575338 391748 365182 646100
605571 591572 842136 558900 515278 508239 342507 816506 444478 170433 510369 889948 946423 912233 19448 512964 429964 849253 803916 14756
951936 48241 405471 47520 496397 857425 761450 718800 195146 617000 381900 276726 189647 254743 947041 993220 773971 214668 862271 759512
83850 918645 248832 358806 419974 696352 511305 522566 28463 80661 258872 654645 571578 905744 492643 634465 280275 850306 68212 876489
223864 914520 117529 102605 703174 220011 633591 648813 614096 50310 109357 309754 572308 859545 669137 774307 259101 646341 591591 981814
3166 676563 601193 396946 164000 214167 56279 728376 544305 396225 178457 732093 172513 728104 681830 374569 997859 629690 137488 590730
480753 187545 965508 935777 862319 437524 256570 520828 64861 341814 523205 915412 747590 330026 598111 573263 431041 693042 880811 87501
261060 338916 945590 907955 167437 533819 960517 859864 434920 521643 863633 254701 348228 507073 19539 527349 252148 31906 178978 297201
623424 474995 201622 487480 784182 107107 628054 49456 369123 607452 823569 594930 593983 108942 953010 24765 215157 860128 984545 901855
258195 253896 220182 496653 680101 194472 597047 959132 403951 223294 954273 932873 42114 373792 253415 694175 402207 752385 473498 782039
917846 937172 701879 907787 375405 442381 413925 298362 392423 60302 91431 709987 956541 32632 515344 201567 463687 316547 473355 745376
876669 294715 25700 344803 627190 674241 495658 516276 673792 173287 136531 356814 566835 262790 885272 734788 148957 594052 803679 265071
174230 318668 528682 511969 961467 580562 190717 310430 397072 407716 869376 621722 381754 258459 685756 496001 692375 491869 304992 300593
67307 300976 14477 623635 448771 878807 439555 523765 709615 974589 466196 432567 793271 162968 417369 140499 958997 876962 298496 290954
783595 353594 577286 48168 805880 450698 869581 981004 484570 806234 937063 815334 165305 646785 229135 865064 605806 597244 35333 815823
950602 156390 778431 612919 245168 276453 613564 418619 670489 472691 838076 908235 24053 267777 801805 75953 875384 3518 24001 563145
210129 123286 768664 473414 65546 751666 355958 235702 388533 534807 1128 544902 189031 248537 373478 516535 718174 371709 509519 24795
793444 775726 45029 779836 241356 996922 109847 999434 962237 967510 504871 477935 905106 855245 144945 408330 554809 281277 312111 780064
962990 473269 456958 41205 905791 236164 298428 135368 580073 38632 257313 280288 878436 640632 148573 502820 404019 234496 686827 799018
828838 751887 438532 659904 688595 11497 386999 913257 631300 757961 691074 812294 213942 421504 655265 153473 150671 34233 76991 490202
649338 155955 538874 358642 417053 880838 626929 165942 122714 469950 651553 55817 459458 833227 72901 352688 177699 931454 667554 55573
375256 318500 833609 482533 506224 826201 311142 205326 515082 363934 506230 501313 709131 396600 336796 204765 80570 726186 762031 449364
177593 4056 395164 547039 728843 49635 184065 407652 989668 740 764179 444332 697680 584063 446384 286720 133117 700394 285418 822064
282024 908534 818711 274151 956813 663083 442496 663273 866587 972835 662608 232176 622525 962891 923939 596520 766729 428928 833366 770857
239886 182049 549863 369277 110449 204125 252113 28100 894152 136248 213504 624993 2617 15231 845919 98157 633861 375961 360152 349054
145814 567537 179386 559568 121492 648852 675581 197765 931801 262754 53443 234143 228545 10606 546249 976915 909134 160879 920458 650755
656319 216032 435772 296198 376608 57389 503696 231338 463696 828735 815661 634955 859554 881241 808453 922909 912406 157683 281447 94227
280900 180596 255342 182069 730315 934060 706823 849294 23952 57697 403630 801453 671143 454803 568763 203737 501754 639926 73503 521808
353950 287065 194689 762905 433931 970709 443913 954269 966099 954200 961937 370258 901064 737566 432378 478731 969899 282618 299746 851339
492677 716097 550616 689429 436116 172777 257789 996683 834633 239812 516231 842897 211275 411150 777536 629747 510603 764237 39324 598543
468746 986884 231901 188669 154095 2252 799704 354358 345050 546923 134038 469628 228946 796619 510584 309613 706131 249300 321221 627092
315954 197237 402515 704668 47898 334590 953412 568295 979827 361012 420717 930150 626848 551236 814815 750638 890626 118191 659091 488848
310332 97783 826528 377475 484599 226957 293230 643040 676693 566872 484829 344702 559847 196879 137874 735587 770539 10994 960087 958902
956862 107590 423633 164113 146126 298894 702509 338097 992986 363545 190847 149127 679930 330299 33834 296098 654729 923508 27183 55023
187552 366739 280660 601767 185354 682951 277003 732359 755848 183352 547713 805846 134562 507416 144997 686810 727296 900088 716051 333220
259384 589676 841610 892376 494836 152048 299521 596362 25680 609727 526014 97174 154285 705882 506014 867304 320260 620749 54892 783817
48669 348503 481151 738375 334531 37235 42783 126684 505678 974851 845612 326290 248188 391789 558185 902554 999500 736980 842442 459387
841801 452676 66411 496653 163087 334666 520449 781261 603327 451438 711144 68556 843063 212855 930511 62359 663457 838831 538133 49525
630826 900988 506582 99242 781202 402978 557345 755685 50961 32169 572562 2863 798140 744068 465703 224458 660879 382510 100560 550962
775851 2298 704816 187943 369299 312560 752951 948922 346081 874252 610597 646804 812842 498438 486732 310055 157604 823418 869932 979141
429480 292850 46502 620712 539695 122226 134831 119219 566207 617455 789907 719188 200539 480587 6839 420894 524003 705099 881687 772656
783509 781084 721537 712934 781023 664032 497117 115666 970458 337606 551261 958211 285113 626989 935829 145182 43187 220462 190226 756838
42804 325598 405776 589974 611944 883119 45871 534262 726393 241354 664107 945868 205090 62408 181495 731953 671013 257390 129211 581399
865998 899063 898851 792254 805167 429501 605355 178213 609301 168205 190711 729909 566420 85971 146191 316517 558559 148171 215386 713535
879710 939251 889139 815446 190993 248952 520241 150355 3088 430688 109837 444062 231265 178585 569765 857606 923933 251393 40723 394049
371141 238255 736753 568985 341499 223920 920028 155736 972352 689353 692874 447438 481606 756946 495373 797574 410382 558813 68596 130445
431769 654248 435187 21223 820595 714939 185006 837576 518337 872872 902948 837711 912855 133217 164006 622493 916094 3459 728247 330874
316578 452390 814557 895611 277299 384569 179249 105359 949629 808205 750387 212322 230386 682019 859185 109646 456806 709023 834759 802085
210085 397507 595812 183599 134744 130531 145387 633419 232415 875334 493525 529857 199651 213568 541287 948486 711962 382595 138174 423742
230447 417745 602453 76186 353011 589889 672476 673401 438646 383149 528929 426123 666318 417794 949895 768899 435608 187988 962832 209277
978650 856827 329514 337212 50560 950784 274412 697894 280977 241259 952403 57276 459176 350204 14338 366727 758191 998756 928140 984887
908718 208568 144912 38798 150380 261758 574174 402814 872738 733970 9976 331878 174704 201374 989093 283863 168377 905081 99930 838132
311651 969555 32775 314060 143878 517475 630610 953028 617486 498806 356921 874261 867618 718033 60233 969219 857056 664374 459320 801934
638373 2974 418331 594531 198105 540179 828032 417584 295924 81969 537185 982546 375000 298569 185426 634604 431664 883791 388772 376029
373143 686184 90271 999967 994381 858749 41295 452069 46583 732565 580714 666888 986604 415059 760541 48171 579415 607427 567632 481107
50444 15931 409360 39042 867175 664702 856549 718922 507597 545107 273905 833258 519450 930665 769299 282822 580207 304991 200985 800303
834264 243263 191595 81837 660265 195652 951334 150679 905521 592781 860416 491813 810772 822735 861845 770829 992591 551792 689902 397997
578493 663288 18846 260456 759217 781104 401092 176624 589579 206474 525783 818110 898096 654455 436320 440917 916595 662851 743428 818700
934412 394475 313274 692886 988501 37964 732550 740634 140663 715971 118305 383472 798827 310014 215969 614080 779741 252014 139560 107774
764232 739562 822557 376263 687583 461883 344596 205816 475516 834274 468133 898603 915476 755702 218954 553833 741760 378089 451076 815689
118992 936747 603094 166547 197901 523134 94463 903557 862629 821306 124312 811358 136273 4599 125261 401491 491484 672670 346452 118895
964897 905921 128324 654653 843740 744629 382788 299451 37204 287697 998248 621583 396204 165539 601160 176604 790422 973023 824923 389114
951458 641971 9121 319530 210906 590724 13496 57965 97798 28704 714616 424736 872876 626695 11228 730451 796181 685617 226519 643785
218444 865379 720545 248842 405087 450286 812059 982507 75198 10349 148618 448868 334453 846374 742383 834887 378670 786849 71430 155314
584926 381140 546011 885868 990023 834410 479481 998268 410635 632766 129652 392819 672792 296402 754543 52542 251474 244281 637695 647082
837180 309752 226092 956472 823013 461094 3222 732091 344095 419344 413057 398154 420069 18356 807398 202809 54037 308101 347385 809158
487863 753014 252081 243862 219555 352219 986967 209965 558951 439404 682813 458818 166663 692550 686091 187756 892482 791767 954151 592210
544827 219862 803942 223822 278156 730853 34282 773674 951269 862702 910621 46026 235226 139854 393242 547543 65861 589753 307160 737537
83328 8319 782528 38854 955276 592189 708224 579494 671062 44145 338398 757644 855846 507544 486532 829440 764203 671516 984584 662355
718018 700191 808036 733455 347087 569719 356326 165515 949505 267923 284771 816755 144403 313167 540414 371563 697882 155961 370223 871131
127719 760397 223341 669221 742398 957938 930233 943140 20930 816519 420600 443152 161161 627634 5872 550124 714745 838683 364307 186133
931748 54286 132488 71340 719872 901611 348733 545139 290688 787261 555842 845331 80581 354512 483624 881691 428793 750731 409942 597051
311821 121087 528832 795700 574818 451069 38708 447718 86699 733794 266190 267614 950633 839487 327004 219011 991953 349993 773658 921649
280860 114988 865539 500070 207652 808969 917366 588789 246048 808911 264698 492579 545245 6975 764751 351701 609410 85387 373140 88163
870912 520641 979050 18924 890855 496024 41377 968471 457567 408198 258444 661468 840943 614351 80687 292928 893858 684178 87204 456638
139035 718469 659330 88509 703739 313920 766169 429828 962363 973244 953194 641079 227185 79685 866367 289226 402811 602387 788943 690174
433996 311912 945473 215243 958864 847670 316113 744850 746412 932314 122004 266195 124666 795147 119309 480925 45640 185733 725903 107154
69913 472203 878351 847819 928101 874190 150840 547393 81489 553278 776308 888987 765351 414823 986144 558776 559532 846013 763889 913096
194100 947819 387541 630683 775286 864655 898758 331920 738550 750460 493593 769549 34659 943112 831956 632306 314967 529451 957631 497215
295384 559397 43895 41773 589246 473784 631129 446128 954473 549419 233009 562427 452887 576146 508443 522053 261979 781128 110280 405691
192654 698682 62338 143026 346923 217419 884068 625958 85423 741334 266682 365326 37869 902461 678497 338630 302387 384876 56601 53948
807441 590970 2694 924553 366178 163467 476436 43861 966609 123753 477791 726892 937681 333945 343891 873987 823850 605103 476195 249319
319606 333168 70105 256338 689811 202013 984089 135394 798853 702607 73256 974200 384026 608276 285984 267600 234637 885499 836197 44803
80438 222451 636007 781945 932742 767623 681763 999445 979012 954421 431552 452265 213588 393268 888317 687460 340666 89146 187448 358901
576945 892685 631715 314086 598671 413042 638666 921958 577374 310372 734975 369140 162129 176225 356745 789562 156802 731545 830579 798500
874456 39873 833548 921353 927480 627514 879978 609874 59808 661518 221717 460683 231061 264411 882839 633009 238019 686174 406322 893355
165847 968617 168408 266418 367017 72897 436438 972429 107439 423951 479172 891181 265139 146107 191999 343495 454300 171646 484158 996195
649956 854735 846375 895246 922391 654044 664179 256259 536643 638746 643669 590447 9514 468783 971630 33909 980989 100900 976030 472117
166165 861326 895829 833966 674061 710846 38987 893707 768501 85197 277651 734265 93971 288056 299803 291420 666992 264347 207218 574294
189210 936096 204483 447428 796547 173887 412314 643814 922386 459182 369488 209403 142842 397231 218378 478112 646631 708821 903473 116228
184200 588336 105246 230496 840460 984378 544747 655405 269992 286664 170684 644262 528056 176604 74825 586259 182309 929030 752701 551032
222885 617927 312476 782891 36461 161745 949000 690213 499624 894058 453373 167745 279742 769425 520553 243577 467791 662269 324511 979898
850562 36377 994147 278227 973737 272312 848073 97659 427351 638095 262980 448924 575079 101656 58219 958078 345014 427414 724011 362973
669473 7231 392209 458347 565716 460514 846722 497654 129766 431679 635678 234969 439470 480988 983176 962691 576634 306664 337909 179073
326572 883780 308052 522356 555964 719212 355349 927741 803713 494898 205 158778 663851 207431 48346 753651 173050 241467 58442 326821
305922 991191 300359 64486 869240 408345 848604 304953 371546 310715 973310 335636 986402 551698 468879 458406 464265 968061 810637 249424
463442 422107 2819 878745 781991 47844 825108 260415 291922 14142 844973 116059 405608 402991 668893 412221 858065 766360 453123 576297
786377 491944 166257 863513 279611 203185 865562 374136 405818 530577 392739 935037 637673 186772 468947 33642 585280 775413 281865 640844
711145 687031 106575 452457 476900 333474 776291 348442 961519 550123 607946 216015 931938 120196 96444 519526 861148 700038 90956 440028
144092 668272 785333 210981 273011 506736 298979 933408 7678 233059 621482 695769 35 501441 483771 83997 627124 861021 141839 441622
935360 406192 60523 635990 871741 736890 302761 121686 553067 784863 515286 481562 987083 93966 608927 402544 51806 268936 517559 490957
944503 934914 879727 494967 763741 185046 209645 204750 143122 732401 452339 748954 789469 512856 692448 462452 792466 396480 724610 186824
666938 141084 655456 272351 39740 683676 257941 922503 671809 310841 149350 338305 388048 633583 917115 831992 883462 382029 308403 517028
646455 290822 839186 114703 801359 92676 895557 187718 514482 282582 521742 202127 262130 496245 126934 975064 335904 960624 91535 682650
293175 87725 270349 822420 737864 411963 483703 108592 118481 440997 736096 325288 589124 281523 651019 258181 916835 76730 566929 67283
766780 998736 918337 788805 335730 224811 287506 645959 71282 127174 449233 960521 155058 673051 26708 136714 818907 348055 132180 946804
527425 699812 439784 303191 139978 864311 378824 592673 998602 965570 875550 124324 514793 612624 624240 984055 210220 682300 790866 308346
45505 821243 687748 540338 746723 519984 907816 638542 198031 387459 418523 1487 90608 495043 637595 53427 572056 815710 956765 850360
962354 915745 335178 331060 656114 139510 81666 179967 195081 88533 202014 110248 494393 815751 226511 420925 440782 372077 674406 780601
423569 783111 90523 213812 993970 870879 513209 562852 848066 265412 172831 82843 814260 406851 385131 894406 591200 602169 348138 934637
13086 45904 6956 548918 204719 137442 653668 679573 298287 923807 602822 962673 266849 413127 744621 783341 470537 994280 555447 87057
3593 492844 405950 706307 172727 19881 42273 925523 517106 261414 507059 213082 878408 832364 572867 600037 915233 111040 927091 44342
299316 592164 287063 654208 64395 802137 362694 847270 165472 968938 432469 248895 163952 128072 622694 999416 387053 90644 517571 688871
711982 716339 416689 204160 757588 517562 260532 708389 26800 653294 613616 776053 479185 936079 579578 501850 120005 257223 449512 726924
653553 993322 118048 377233 398226 379138 536732 404862 91850 894707 612963 352548 379080 717063 649148 662930 180189 580542 899873 124960
151001 748442 252215 85046 908492 314001 668344 173359 173204 290825 361571 299068 249926 711050 870770 879800 817441 651410 277756 153870
732281 723519 366552 99587 979468 197990 401011 354782 528849 153967 914988 490325 291861 727275 558131 721617 170282 645026 664296 846760
1167 688836 886476 3579 720529 490580 833237 823049 13805 712949 811068 426915 795241 635624 295199 902407 54276 41971 48911 192028
707611 241066 258465 411751 932070 763206 989432 280712 242939 930702 471087 809972 499340 98249 171945 766401 205875 880965 790374 274037
872132 21017 567352 293558 267829 878209 918027 88734 21049 216589 998561 94919 774987 257689 140384 9320 776246 960298 785009 866387
844961 863058 240408 93266 405092 786947 433901 759198 639991 662251 537970 107895 130862 688939 403090 818860 368819 358272 378936 251710
680105 235633 421306 540957 717879 519189 3647 428555 92974 770105 857174 965501 26423 606003 141563 491014 710669 720921 231143 353560
59386 357263 682040 416305 400853 399731 404490 500088 428666 561244 529691 167155 266342 572620 474549 750464 313195 2272 189135 715218
235759 822978 851789 215073 853406 676784 585822 439508 549690 452405 385529 301575 324414 352722 679000 817041 614236 260488 164212 602721
615213 65897 699344 604499 273944 924825 977215 978535 295743 754921 458918 176367 179272 919415 5933 757702 842205 51188 942354 507996
139702 690113 43836 834928 123491 374307 686341 658827 85117 716811 563300 475247 418269 252567 902209 573829 741149 166525 447710 336296
544164 765783 696519 893728 561178 471466 853592 229892 5859 441830 378099 984251 469419 859303 358829 538358 676110 614780 834989 892608
169317 10538 860196 196059 854049 492418 980679 60517 139498 784058 340369 877201 190967 19550 572340 377143 981539 541819 510396 305750
422239 509965 267009 609320 285640 181079 407646 373085 836223 715378 825637 590551 470984 841790 454143 858977 102517 169975 801670 486251
231712 205280 267705 459144 822130 454121 18260 573560 854496 660493 924531 608196 510752 270832 977304 404709 512919 770182 918370 994023
985837 601793 733074 489376 693248 342635 790643 588050 70748 336888 876526 627316 772387 790491 231401 458842 264194 915387 902743 616700
613441 751522 175975 735862 169271 38214 302806 659165 895615 612659 384749 996716 681199 134840 554535 624799 552206 915723 228201 445391
880394 746143 967734 262389 169760 698507 590055 943142 995385 703288 893196 325383 231952 885917 366432 6800 652771 52507 671432 608612
579093 450333 528108 598049 757441 407209 996545 602173 173927 901191 595937 58099 29338 795376 151451 945781 863641 591298 61359 363883
135208 633046 752253 204147 801350 899616 929697 603118 272703 378913 984595 645168 702323 329027 942024 874381 846933 757258 46228 945858
126592 306539 340808 780202 164509 192330 909070 795827 4233 357345 204778 916087 950807 404280 114788 598619 289136 707460 738499 837662
129353 364981 614978 334408 834983 256486 515479 317167 796333 390489 888067 528392 754864 508092 116762 236726 336956 585149 587775 785002
957910 854802 181230 248639 844940 187310 780073 984655 737799 941980 480444 840088 834782 219899 677388 239299 168776 297500 408771 959040
964899 841300 94810 579832 753732 855841 802345 813218 452294 673769 632626 185418 688337 262076 978089 511601 630091 385003 340971 370999
