129982 378873 615728 789798 729210 503671 654911 829649 542461 858710 107588 271817 215287 289363 966291 465874 836013 960111 625777 256870
238245 451787 668449 121334 816542 36544 789886 467152 83426 275650 766102 486801 790243 975535 769584 25389 484675 661575 440622 904058
583115 555016 883872 804143 137328 425440 55273 750498 601751 340749 237719 208361 85532 599881 602630 405282 334279 820702 827137 376487
972910 352408 123444 582627 164831 24586 258930 198906 562916 143855 305179 776200 761034 471277 970563 677542 950181 695513 322866 653471
443723 942774 642520 321330 549120 785244 893055 691689 554717 34758 558089 108622 845022 443702 385909 383701 619308 828081 387601 546398
308103 161633 431596 49497 804564 933712 792022 874800 785707 200302 37036 207977 703619 765956 612103 382256 499305 984715 985094 577839
50392 841807 814582 831826 55592 982868 45970 832923 84835 703527 670132 123591 703368 919667 29150 239383 937526 719754 959813 891846
318180 329595 6314 804938 743586 90099 108875 261856 558663 296158 679742 65884 780724 467053 630790 801827 717511 744636 149494 324445
44553 574204 32761 693585 604171 308487 446031 212583 801953 801896 593995 343472 782440 115745 270485 469951 285529 187766 306520 366864
259218 590732 243166 429677 947249 21562 524245 573836 611790 872513 890818 671170 240707 235368 773847 932796 522738 641420 68272 564655
166474 182173 800042 882223 27753 245806 681457 673887 439955 623059 978609 501081 978034 679686 669427 979833 338626 287312 359529 749182
389633 997140 286873 527522 212368 379069 518825 603324 480452 653261 800053 932569 845772 794183 742234 721627 594587 538902 348650 801346
692377 449060 4493 515107 517630 39637 318411 256235 756878 716396 754574 372461 293489 158106 199054 181367 358139 718483 828649 415854
864364 115170 278203 873346 863904 256347 835256 926393 486897 703646 805652 540029 436601 183944 991161 274238 187539 232593 948551 383229
847056 427217 820114 810784 444761 179894 771404 789302 250200 301763 51552 196118 7782 225264 437869 607451 405776 509222 159505 19094
784175 867713 321399 108329 34486 730698 933163 609118 673286 634726 707811 192801 795849 549009 509347 829537 441782 527314 320491 18651
496439 409232 650445 942110 390860 303182 997279 345788 266105 300751 411426 713509 49834 299071 62096 136645 389362 710387 909095 673854
78013 5 909417 678063 995819 895834 69725 888277 104136 506526 110674 782251 555302 173460 718550 927657 312274 68087 941841 135336
430838 876750 15871 55037 379050 292248 914765 722323 877801 839270 322968 845666 541178 294099 309565 935500 532228 519062 50604 410750
385754 139523 395825 347905 732635 93528 434568 727100 709882 438523 888835 992474 823083 449921 640700 958946 918617 711655 705760 819832
341114 536621 658935 434293 762010 525708 82678 620649 252159 222993 598104 430960 149446 85462 922829 896662 513619 823121 669773 430813
5798 21596 284540 459148 253295 366334 188114 289280 304445 276187 802712 808979 391771 95235 248634 395595 336804 524298 292001 448089
735605 25104 71149 658641 426801 8574 437417 786760 876470 984100 234404 771095 765751 726918 726629 866269 246667 456112 709846 268033
311949 713043 243032 813186 168671 613473 271996 342895 957415 413080 871583 221111 786064 655277 384487 258986 103249 65410 366147 582164
105572 425911 641239 912766 862276 367386 539599 690320 616229 852686 410955 186510 400581 821712 510425 530513 643783 650842 569606 868834
388431 343772 7794 771462 466699 415969 910115 865032 440999 782161 346529 557647 425528 3406 768936 821849 452729 758042 709407 531222
425353 91099 407112 606958 783132 206253 662919 609434 453207 709583 196149 656441 395169 310546 448731 562558 820063 892763 113083 847035
620899 974788 419032 721839 143093 299882 222011 576929 242758 50325 358737 857245 24800 643489 115782 782371 55762 754033 536541 548852
691944 483150 182955 80748 227022 65874 306434 729814 616646 976962 827528 128858 48184 612042 994830 759991 659392 757521 485866 796259
987573 214674 155992 363462 768680 221523 724217 373457 471653 961117 229392 266679 115942 972642 371850 665250 53792 148439 401846 790530
849750 978591 707111 431280 43408 89798 126549 966172 864603 110157 531374 664128 877037 787205 492632 108491 4768 237603 103664 670578
128008 548208 381170 100276 963576 335606 470016 252307 347551 189163 439115 837583 794840 407706 599494 887370 322967 978046 494525 172184
694925 969082 369988 197932 550818 806578 471204 306081 300250 655327 28055 603302 694388 99552 417701 821404 288217 141070 935398 278294
151113 392241 782138 604602 916567 275427 268880 527621 351709 469529 201457 681983 850992 194544 641967 205917 933628 572843 99270 113723
916633 687906 121685 863715 759065 878679 44974 558494 742225 653375 29561 933496 740327 216506 518312 689666 992932 237386 817032 257959
18186 899930 703872 700311 685018 872901 867029 240500 43307 920043 847074 383380 545176 22316 906435 668056 734522 182927 507348 267049
481257 193128 682969 250416 993514 43503 253299 473962 833389 618820 214550 925048 849844 564787 850835 225289 978124 945111 247191 425386
510178 134313 770153 23964 487743 243368 887121 11439 969811 810707 488705 29816 602855 877921 649893 452937 323971 98995 564112 688878
169087 279110 938717 167848 772021 987363 385962 950160 659857 664262 530605 773890 747627 56597 249287 934043 991894 79651 315648 292156
689013 874259 624128 841920 642269 931908 890284 716017 12518 455892 287546 788886 964723 798347 254441 543007 397484 120739 584765 314935
484368 637329 779765 306203 640642 352873 771451 93054 409927 168988 546487 956817 842185 826350 967941 490361 23504 159896 834741 819969
282269 11583 250307 116618 852426 927772 591872 181146 180480 843640 734155 479132 230711 549857 713217 868207 949304 233845 965270 694918
706882 953917 255017 196003 181225 329634 62970 743399 222056 718135 876997 601986 518843 464114 179434 212488 218894 981398 253544 376100
732245 678086 90719 797601 772452 661936 877849 239337 519748 461618 384593 509932 250194 423155 298040 437771 304151 679261 128955 547099
64558 51991 673460 931898 699796 710806 83905 307702 208427 850806 39465 351884 184495 729957 744262 195538 540806 941890 36163 535994
62955 379754 732708 815216 635620 336663 721934 997321 631098 623735 696383 172130 85245 620352 137893 741481 966276 795626 738425 487408
181923 603197 387932 159000 943010 438537 339532 469712 423211 811845 871450 147202 701043 583614 124187 427215 991448 688651 676836 929946
420284 943043 570866 26832 466561 299069 129446 566525 549689 152812 75434 6261 599352 799515 102813 407889 960711 709486 980687 809735
843630 232984 100312 131379 265814 390296 587213 420473 769765 30352 186475 502360 649867 667732 522723 13552 480385 921994 880 883859
564760 703362 96427 769582 410206 254190 739848 373595 232505 579438 256378 49289 538991 351542 921275 925622 8838 433747 468215 237381
336955 574689 850367 794725 905566 395266 20321 148389 90485 126840 823704 72167 264062 10268 379599 251157 534064 168107 621082 911697
909508 199133 513071 484845 880505 368605 33900 338574 441523 694822 930893 638380 365501 996117 362199 122066 686716 233020 293880 514492
600937 239524 655929 788988 28301 412140 242161 993617 521575 300029 927365 836067 138268 294637 565081 5858 902334 792404 595950 663153
491458 79220 210125 926511 194803 807584 870884 232698 79884 402710 17246 888640 539426 412794 667566 744383 443315 820000 961919 580468
205782 840089 228366 73017 358307 952642 522276 465215 195370 942084 35935 633881 839508 393895 59732 255765 706234 581665 945743 739859
144841 783940 900662 890272 980874 493503 477707 159462 596754 942337 373486 686559 293155 641118 405203 333212 1389 310249 80083 276584
988773 430164 599287 555418 52202 678550 28665 796904 176950 649230 187404 805937 149749 860530 89713 500035 107637 664919 284352 404735
214877 390589 935001 123827 854219 623807 520740 533226 435586 41605 440192 405874 546795 758376 151956 683971 249572 694458 915866 297613
604453 209689 964220 525002 41489 192597 431959 396423 36586 384275 897529 227251 394459 793571 499736 306898 988166 531774 668402 985242
548639 679900 16995 312315 286662 598660 476709 716011 874714 32986 904086 317380 809898 345598 7173 917534 831589 106871 361939 162568
646956 178176 472145 594089 340009 778383 254081 96746 472753 780510 652185 419354 328242 407596 811756 140037 699108 94472 814574 953881
99969 16727 599649 778893 350345 152747 875294 444131 479163 553822 648043 871917 189134 768027 985723 647141 253038 24069 334122 845117
581570 914255 989301 682857 802101 91650 870419 770609 716378 277696 944599 75609 35412 25699 815461 519233 435695 607508 449553 877511
807583 939569 433081 541345 129502 238508 198847 11197 59785 754868 890290 184144 359614 238935 910774 779775 723236 382642 980421 67450
666981 865560 573658 74322 811149 649113 269833 587380 351936 736821 928780 191271 583790 212014 347273 430210 742288 620633 250877 210488
849843 907568 705571 785267 425571 934573 774642 234929 958873 174119 656560 645580 573912 564743 863610 227123 818206 34313 320732 627407
77800 94225 884219 650307 903757 145775 353537 154116 214933 734070 536075 586255 212810 899160 210048 48047 355600 134328 96077 748308
759447 245486 683701 111402 676465 556089 800589 589192 306078 581271 431134 859781 798362 891718 23337 404358 260846 581178 294805 735765
579325 357599 111334 614737 894322 962099 841155 850250 528486 583498 339203 451747 434685 236472 170366 104746 953526 32511 782351 811243
177114 230603 328528 766865 854159 179780 79857 176580 634716 344058 472069 175224 148906 570425 164045 981848 389508 85848 256222 42739
534224 238181 135029 922743 325966 75172 461396 437152 307398 684567 990363 889740 704332 399067 918560 164102 514470 830732 807058 165897
96389 601388 519151 639000 248411 790185 674984 505000 343385 988633 715798 964249 650378 100350 909296 106710 132426 21412 642217 754940
546962 62709 701967 174777 93292 450736 577045 964674 557433 752431 779812 784596 19694 21555 646384 994197 17869 538849 214519 345114
443851 533954 464554 395437 536736 11752 317066 968769 824223 943581 429689 379021 436286 356183 557241 979293 110389 143504 462152 698286
446418 616403 145110 263167 709819 24972 769378 259785 733283 169196 908231 544624 748999 827132 503976 710724 509448 251580 376873 577221
275650 595409 43765 690152 815280 736888 320854 873049 672167 342247 953865 465397 696876 636337 437870 506597 957556 491870 294374 310549
609052 491637 802660 863076 839635 560503 460616 421651 647444 936698 166279 414130 847473 920512 378907 260028 641152 286512 940101 560791
403434 944798 848870 668718 523326 663383 985 206965 600292 446199 618492 930308 659432 242348 544282 661715 640276 636559 197755 854874
361040 369130 621426 320123 145550 570753 982677 967183 520200 629340 874879 670460 611346 287004 416093 944418 650960 139281 477459 327709
615473 967886 942985 787873 380145 973378 446169 546576 611754 359965 17581 798959 157320 204140 574291 791591 446934 72936 5173 354131
264605 86643 376333 412195 192453 540118 964800 442346 162984 670408 689642 204650 379739 36702 130280 209026 991318 596564 69942 279348
677628 257463 911561 494344 207269 880589 394620 103808 793801 862072 392566 798566 800335 652799 516360 135466 435409 25748 304689 108823
681521 827630 998500 998076 890352 695236 974041 22026 816500 750631 595120 736249 33276 583083 239825 932756 80158 676937 210721 795810
161209 523679 897733 818554 128613 69638 299728 740968 45993 587463 988939 447072 451497 191406 65627 437736 403119 228887 312748 704584
636871 300106 438884 748622 184880 278155 429249 126724 482245 795568 143341 531987 516428 251553 760131 203649 649547 950149 86630 927105
172412 245367 440889 270172 50080 975244 536449 349565 280568 418872 38463 619258 849852 323385 9264 187947 190127 440820 324774 428698
224835 128269 625976 497252 697407 466679 507799 355932 503508 544720 838279 935777 695535 780601 41901 681519 500137 337722 382817 596563
800946 835236 280572 139177 654668 513098 440492 244096 16544 626253 905510 652351 497409 635265 297214 263258 579174 335746 387543 2225
131846 118823 883002 766659 533209 988094 89819 288136 25778 789612 914272 478787 447979 41668 419494 465763 818571 489225 612788 893409
276051 483631 568505 93503 76828 883726 19867 745788 413248 660024 277432 925743 376901 585666 86398 518603 915675 893059 152741 145853
165998 704926 797618 808371 721638 295847 940116 222786 279820 83536 74213 826792 811866 79547 261292 709991 184602 110575 42572 108327
601883 448093 831315 770117 180434 339457 137911 681122 351591 960529 728756 408378 291372 917129 369192 766672 369598 922901 575494 557071
838821 852563 873175 723749 946682 341858 157883 902321 123094 627759 487480 409714 625609 618279 510224 162594 648844 395362 67056 445560
780346 144871 677536 519438 143878 807779 959866 986257 168893 213863 864505 294910 210711 779329 46416 968631 975245 110568 812585 198345
241918 985994 350456 516483 822837 303657 573956 115841 86190 478092 511466 133060 349733 270250 570747 964742 1794 764881 959779 165447
198781 420924 74335 453231 366216 949742 997740 985521 239857 281095 233343 451883 90853 139829 238210 647376 490858 434354 704496 963236
776732 140793 959440 609325 262656 367451 338176 837060 562057 880946 767407 635358 264874 686376 244724 472081 563074 674270 402406 34332
810597 924539 217609 54219 641529 60650 870956 682975 202470 674661 173903 212430 420095 145437 952894 74368 585014 366777 346729 199167
704889 840954 397939 352793 494861 622548 785792 554720 715855 630617 366864 671962 772652 161044 690677 212612 762458 534214 204438 337942
592895 797881 517815 425288 808119 318576 201176 387358 836111 286761 799918 203398 636492 669977 723184 205993 447796 812277 538282 671042
907297 874762 983636 533789 744035 629007 373275 346231 524773 416268 946802 272591 856567 579885 321825 819720 393164 891397 687044 667710
820271 640157 779579 725724 4414 628357 55464 998497 973726 344077 234923 186121 925510 919070 987058 975770 119902 521044 34020 692750
167640 953911 562761 116327 22553 760254 323293 357629 519658 736862 647255 551139 254304 62193 973912 275717 589776 18631 776431 897908
51265 929538 576670 700469 499898 651518 556786 503674 954530 155413 345772 856103 161505 922605 375284 670305 986033 567410 555269 224608
708950 681003 452491 281449 368432 936010 290919 482702 240397 488375 682793 367205 703496 182367 356152 832719 34241 540575 575419 193993
313764 998698 17941 501896 299077 168605 920696 696649 52446 830978 192943 251000 452648 257803 241890 455876 724957 720678 953850 61955
85536 791741 889950 889104 478298 492772 496651 860097 911657 151674 743151 728176 835281 346808 912329 621516 658880 955402 248675 742631
74735 51244 576903 46293 90714 992435 696163 532818 226416 892728 179242 363972 977765 685569 306456 931446 767249 350260 294295 724210
762483 436126 797124 527578 803799 44749 871343 677615 795722 967945 389115 570367 400546 702593 957044 693312 621322 529444 781839 703461
794601 697088 955832 735999 481806 119137 188409 399457 108159 947434 294113 354105 704983 452341 322094 787508 682294 769184 481537 418595
932471 515045 603911 809001 832465 480281 305003 807245 526028 343050 948780 172630 943710 144694 614115 123711 402740 258500 114993 566250
885726 841624 776883 39371 530683 919119 544213 4503 301338 651663 450648 621557 540758 188343 86233 876450 783169 375121 146167 460389
838607 400035 609596 592137 877861 456345 504319 364586 970843 93435 817386 728801 228621 533120 223090 48703 570049 170738 658064 239726
611358 585784 553645 831512 391046 627216 437821 542271 687007 513581 44720 509629 314280 445533 701570 602513 951386 24867 426726 59749
127462 119899 678091 718975 265530 589725 493521 923290 88024 804444 201872 691151 290488 944643 45959 866267 492027 145796 21507 51655
746167 827393 479788 737480 743298 338992 432620 101796 763865 677402 669758 300414 623511 728471 668732 497473 402085 773601 690711 658596
143098 34390 913742 305241 949470 783196 443597 842954 564032 602554 363929 934987 891699 738828 895231 530488 315571 521672 387706 772321
659084 714825 24620 772807 716583 636315 228306 382993 61397 669735 765760 807140 37469 647737 516306 453790 86940 241810 764500 583756
563216 246319 468223 469388 191057 982211 884599 840263 112258 393386 86682 58748 468674 933121 70910 499025 856926 60871 190024 46805
928399 291343 166143 732627 621615 693809 298563 657448 94044 255017 195480 602399 667929 928880 791814 757125 545680 619504 411763 120200
575987 991837 404506 742264 190509 500641 668674 922683 31543 952226 421746 405274 294889 529942 854645 798506 66988 312767 822443 456080
195333 623054 315238 486348 861103 669385 116688 496190 458339 665977 258762 895940 284113 168069 262781 775784 72733 698276 810668 842447
688985 767082 402016 897435 673504 947416 670892 496355 965429 965288 899929 163455 554800 154077 413875 271632 318483 706565 750022 234496
609986 169340 427005 411926 626472 9655 153663 734537 920328 339631 918917 236091 177601 51534 475374 939070 792469 543970 64266 743389
985514 628747 319584 776552 271448 640550 892987 159473 632068 216313 396713 579316 865695 339205 61975 217538 118462 227122 500610 332406
481446 71584 489435 581487 400996 541563 808153 173693 494675 183734 837434 216219 58823 525813 712152 431498 871726 397001 658685 45138
883856 598735 778962 414154 298623 483581 303941 904116 606110 368516 308668 806292 260148 412882 284208 274217 680005 448450 909131 377710
628641 612441 674630 931857 49452 852352 79464 651954 543438 32605 655840 701899 756452 398340 934079 584976 104484 645533 21240 619697
788504 479334 596357 879152 789357 520766 569946 89246 815667 477868 106188 12981 659492 132213 33247 795720 910648 942295 648219 894171
280824 910243 369249 411524 787550 311368 743308 244405 436352 244123 915900 11223 447046 992074 948754 399137 556787 979387 104527 100154
521778 337127 250101 679114 515039 530321 198122 377804 918730 142232 90677 152499 742054 949489 621169 103039 16741 131181 977369 941702
771418 830789 737407 71796 1352 305478 348365 920312 889883 542142 360414 344299 271373 448929 315944 46405 148554 188604 53242 830149
947993 816222 410808 245112 173006 821539 31399 735924 95699 625481 283311 543907 822829 873047 600067 513758 799017 24386 664532 760534
466614 787051 609275 846391 533045 631289 130230 536123 565152 155853 31522 187595 676952 928355 144968 254082 231460 83874 675565 220746
37264 127653 780837 731568 610349 245550 331808 45088 526381 51585 203761 988833 321345 322936 412510 272071 766427 436221 782427 990795
106694 794014 355642 826376 358471 5002 887352 519673 432248 602558 862084 892190 229331 958974 825458 578230 264036 841456 98500 735437
622265 796897 846997 185022 107548 59517 487264 763244 559848 711939 47402 455941 473904 682855 915253 577512 685256 858005 713529 121714
337548 797952 594625 567875 698526 517799 90444 140448 82313 319560 16738 854422 435401 721594 438643 968828 740474 689117 607282 549014
786126 637470 504345 748860 218469 251291 961157 815323 934531 242442 762286 583611 795389 567688 886018 741607 855861 210977 61671 12981
259603 217918 402701 423881 433369 371866 857573 531583 143715 419510 508880 179375 432937 578312 296855 136354 246394 485305 818571 167148
67430 240801 78091 639092 715609 318789 366983 489860 433080 545172 684771 251722 946008 980932 219673 890310 480117 937333 514774 377485
275486 505535 946771 708553 990065 853196 170577 275511 614805 368189 162161 24749 727596 630940 835259 59044 418534 495700 741075 190064
236846 640947 203571 543435 976391 740629 979308 420017 833418 326274 467123 90492 423290 944985 241588 604740 87333 138252 797008 356310
481914 256824 545638 535910 538339 155821 457922 922261 809508 624814 530680 810327 894954 306572 17722 286247 807531 220250 879034 68209
942453 415374 737164 662384 942262 435277 303328 977619 429747 453649 952819 448238 32165 270030 922349 512138 625498 558019 418972 159644
778284 152674 472434 958198 223759 336512 254423 609430 425954 675095 143887 638770 984803 214455 669160 850847 89812 246712 960864 95579
69727 347915 2218 488633 411018 352757 809715 253508 349818 378812 295629 844355 86105 165932 527929 654738 224576 226897 816393 865944
141859 333004 246253 295982 15335 993198 372719 301077 281479 34733 170879 339546 27938 249132 572779 196314 933332 864483 441529 75656
460727 326915 946002 98088 383014 366578 360697 288960 882778 816679 558872 731491 764809 419023 305506 54279 946387 440163 949960 866277
485922 153056 23376 97431 74933 767574 715596 733854 663710 488108 697165 37363 243239 204256 830747 15852 269880 51106 782497 481089
236544 414828 505610 536119 401365 624965 846393 780594 151757 445954 832521 405688 139664 405187 973103 329120 294318 367624 588153 401622
326477 914340 860694 77021 372770 437657 274606 568375 181717 920670 943270 817434 777738 725333 583768 128935 340820 433678 938434 587432
338186 573467 867725 131125 168121 655505 395152 923540 545346 494958 309047 26582 120516 460513 253664 981288 194035 783603 603682 355282
94837 222147 348642 383541 419463 760300 469512 696850 259765 694189 296920 781785 876436 985793 708484 589650 537069 345355 973284 614274
279762 93386 177148 875703 570684 161213 477644 373955 526433 76322 485077 233168 35963 656864 582659 583997 60821 145922 943953 941215
960706 796280 415540 788436 826604 610426 974522 703472 764139 525458 475433 492365 883206 42373 616568 189823 331579 736901 64355 593855
815377 388664 581520 279983 790999 741360 402555 996870 579388 754133 642446 105655 876083 329974 493851 160387 364537 543398 73421 807888
714760 777927 571038 909604 664689 117995 901819 361063 999309 863286 85697 857864 231374 385942 798075 433306 103395 638111 280693 576569
160734 66718 371532 942491 25176 456930 715828 179490 967870 962101 960354 898993 64617 393408 38792 909070 431564 393909 544084 941799
210881 75636 645608 143998 747460 674444 167270 678138 686313 565736 536030 586858 269594 456589 493329 832634 762043 369682 827833 565269
614472 753789 613981 568365 728766 930401 900173 31991 808111 648754 128019 336127 839370 20985 616250 989227 728640 617873 702231 292936
464302 578368 662041 370575 736501 192921 655001 309719 21331 615282 918400 939048 109165 792961 706309 297244 848813 685947 735090 100192
721059 932175 788276 96381 387229 449313 173471 367585 471322 486692 254368 148298 581729 519310 436957 380461 826729 375771 937115 88794
430661 9597 871333 864425 362249 499413 59474 655068 879411 65237 597659 621716 474376 864757 161761 341025 37046 94940 538259 37002
99881 341223 688331 827084 669102 918245 277876 929292 527678 343499 13176 98867 971967 860219 872579 151930 63023 584619 140229 656585
471308 689283 555285 639148 556768 703216 951574 518786 794961 487075 779598 121639 560942 316311 498997 79442 533004 840642 167545 98110
94451 575682 124396 515565 156221 763213 883559 91206 490253 139779 518120 534546 501674 138048 266399 70185 682384 4962 814660 834944
860542 329988 945472 6520 102991 53530 57675 965938 554378 603964 286680 58892 76164 914121 670523 256227 741553 690021 87997 641986
522687 353344 827537 784059 299273 248511 777441 239621 813767 878472 879060 450419 355928 333708 872773 520609 153160 567622 663639 716392
600945 30814 120027 161531 905286 385289 485271 8946 12013 244989 229622 671267 755131 302617 71330 367143 179840 857985 794253 293587
75177 483041 148835 612571 443338 595605 807507 157513 874809 877411 899779 520572 517167 222724 65956 269861 776102 52284 217118 911291
7756 2922 53315 26573 32168 501469 358728 449171 639879 236076 712116 296319 226502 521808 572674 20882 629600 102596 377606 611457
546144 193464 960663 683052 727736 132436 1209 523120 656603 949077 182154 680661 854583 379350 903485 367427 850287 653445 680306 124035
212275 647507 686441 55046 830957 818839 726797 788955 946496 713980 946632 690819 334338 34725 150285 727285 551298 98146 119845 216036
862535 571571 927347 9808 745130 971427 592466 843149 147661 871492 424084 287737 766799 669361 464388 235471 523675 709610 848542 420104
234876 448937 429734 317342 189339 745093 857791 16467 455154 482095 937037 831728 546765 987232 573902 399265 70820 464174 805793 201464
987132 443931 167645 87903 394467 614630 427608 967437 386861 720070 841158 388792 221583 741279 776069 716566 947722 343184 177020 415096
4042 385582 212272 850766 275611 211357 507583 350825 782892 229548 629209 484562 793147 56359 501230 925212 871938 582781 446492 682168
25445 874501 865179 268028 953725 295761 414349 366746 704397 43958 906809 654394 711787 113970 491857 619739 521364 725157 575899 182858
286537 564884 945947 54621 610873 265495 539914 510622 460419 916662 101167 384261 366397 569315 422973 588592 512271 123609 732167 716717
134929 690507 676089 789587 381891 443431 231968 970589 328366 208383 398107 484343 876303 886518 24050 878932 802053 876665 220012 819976
692317 756556 964462 559868 745369 357095 538192 129959 875882 794782 559071 699107 97471 178899 531359 508633 152279 485018 812291 494568
124958 298798 258227 249025 158332 196358 206817 434878 113388 316584 85313 466171 850965 795019 12759 297612 161716 25491 513918 676950
663950 254206 231988 333175 842198 461336 523364 64892 695679 429354 527884 105746 719252 491171 271350 983788 202942 56882 557810 230774
330859 159902 68409 693587 405934 202626 840503 670877 383240 305104 586323 379445 380603 789113 881539 498340 5962 175079 461855 496844
838011 88194 883610 30212 221508 691517 260315 600665 91186 798007 825989 661946 482893 591074 268028 550544 300622 660248 633526 287262
488154 971029 369654 702059 16619 782459 87021 494159 212438 991003 13313 263276 89695 320702 866549 30898 613487 192812 657181 993955
256418 872673 792690 781211 985856 781951 412501 29840 492613 191174 245579 840380 515517 510376 698919 144891 982078 612429 204073 456379
491486 718426 646155 84439 841786 807509 941531 225607 623226 494727 670419 318767 776858 881915 665250 990322 769638 923433 223973 266237
446155 298243 867121 165142 651280 318222 950803 333234 263732 238444 682912 835526 674036 657345 358963 382958 539166 494585 574618 817210
290592 317117 516634 397097 521804 947837 900950 787827 417755 990361 258442 305011 710590 769967 727618 203628 757609 703875 745639 599423
79783 306351 583104 636651 701521 90554 555830 413409 827239 286915 148206 158354 215956 539705 338157 288819 714103 955465 890906 296507
739310 391250 66995 730919 718539 712146 611015 724427 983122 280392 81035 365610 621160 380507 979743 730012 749915 757762 43304 19582
327649 544388 735931 75897 976065 94115 505921 835090 962156 292137 803596 566285 620038 915513 741267 729593 797887 704727 979043 34630
415980 708151 753340 251834 64068 701924 834658 669908 883021 139196 815997 562248 796530 341223 51434 363526 998462 54195 262664 344687
725845 692944 513273 318107 409883 852183 683700 103071 143104 704479 547674 784359 343718 320207 731440 782697 399876 658905 387739 332264
125888 70129 893725 19949 333530 41671 366108 114371 945496 600337 760970 689364 620208 330604 323210 527413 710981 32171 573036 78367
639718 823661 572246 615591 955562 403291 358756 947505 660949 781342 56623 307279 863209 460664 57802 947971 546868 705722 587613 217502
973448 419637 794227 919167 308551 712974 101009 528058 953530 336295 34987 725350 251273 677797 301346 471036 629 6664 763318 31469
421266 694711 302556 808241 380673 709973 289318 390531 863639 712634 167121 248714 59222 895910 933569 376282 912680 225007 539785 300081
646987 790379 507019 712252 595876 819602 45877 434628 318970 991354 128 696294 372509 765665 872122 629438 863214 324095 901091 436209
370697 256610 189077 482520 532738 553147 317415 332139 915958 836475 967651 936104 819484 15350 135164 624161 226238 636053 408704 146348
33235 176744 599548 620624 649448 751874 380992 493848 602833 35848 958178 503206 264804 539878 68573 148226 808481 717334 529578 244315
989564 921017 703447 789753 92674 288081 82769 170862 491806 127341 99072 931720 27464 648587 442329 639105 24970 54782 902825 766535
324108 506642 988125 99136 461352 115618 424478 861640 97822 525141 25633 197013 536223 53591 277079 66237 392827 748986 335191 687193
109107 904047 822873 231910 409880 900402 984746 326014 971139 85651 569049 73489 920351 47479 595973 651173 191406 91283 813455 475713
363457 875955 368936 188705 75204 780703 377639 503763 453127 503765 917245 114272 352352 3358 252656 738634 476094 881586 540847 526570
438059 855616 669977 965793 874938 960047 42218 536978 448136 807768 217965 27929 282806 816872 673016 424205 895645 403557 280154 340100
134800 310126 826876 454697 480542 634011 68923 614267 828229 446581 889675 198557 228507 271920 723791 528322 22832 622674 889026 878814
166673 356863 780100 731309 196891 227271 809590 620980 202665 538046 23137 663152 724092 822291 593452 868966 974292 224280 26081 404140
724700 112816 446323 724583 7394 518065 477722 165147 835497 543873 533919 238371 76985 360147 450882 148619 334895 136085 330752 713952
609322 574741 295877 59438 877278 305495 473771 188201 34397 873290 25046 807103 869747 919007 753639 250744 193451 710049 955214 144342
487069 627584 203780 44584 831940 817257 601976 86204 662344 715624 58272 365231 169477 727444 815934 581188 154640 867906 417292 150301
79827 749183 497892 777175 56214 374951 706974 109431 618337 648963 56511 831341 864951 118223 109491 902572 69500 978733 897096 273616
42267 929094 908307 746271 906449 575520 285517 341785 227859 970179 918078 869921 333242 442653 577253 98608 279897 55640 942031 771526
496348 237804 857620 835017 545956 493162 922221 177060 343987 767272 871926 373871 302366 810904 450064 782581 772941 849131 97249 10226
179102 403886 863046 596163 925628 900323 540341 582454 88133 57143 211585 592122 591622 478421 792771 191759 464365 966572 525682 478710
738766 341001 762588 628720 449506 316639 476295 824284 461743 748851 597090 708960 972416 711654 725842 811193 194264 744796 595215 297115
302569 230535 780654 742330 910994 756622 326832 578404 565013 132516 896102 460475 47488 295843 351076 323359 538004 228457 198830 819369
405691 978154 540401 232913 376023 745399 917998 852909 685457 407932 195062 324989 102710 90724 207535 640114 34389 456307 502059 800348
672511 35462 580429 432640 364671 791853 946344 476359 501655 760774 494273 197141 947748 622239 83809 380397 100160 702051 630743 269106
267888 274381 544343 272412 416213 931839 809178 623801 913359 906909 740381 566133 280521 734264 666831 310611 262216 407924 38031 366307
580651 674330 849601 121941 517432 231094 114471 76555 855283 978023 813708 992889 83314 646193 823225 522749 942408 53361 400227 193276
864008 717527 972983 77151 779370 444148 220186 469242 446210 897252 692675 516258 807092 488443 488354 46183 59659 243736 887042 832454
788083 780024 181752 535189 632155 35471 531183 655940 214708 537992 883833 839596 72572 102923 521561 280855 222797 756152 944919 71879
571270 613880 850275 23663 883480 10786 925571 673601 301099 100791 309591 667879 205643 748452 195526 835854 273874 450264 715610 353642
136702 21530 717629 369349 603374 124716 995365 480132 366452 949255 518880 196073 94572 513455 977059 378689 918256 889338 712687 770142
127609 253046 15541 134709 100724 352579 439512 73954 175755 170269 846356 432234 204946 361921 119714 862491 136868 336449 705068 599897
268866 482542 564014 529817 814784 539587 148965 528669 652061 229536 594133 133091 254942 164095 931578 714053 536564 529982 872830 847040
191991 308336 730677 674392 193491 794983 587599 867279 896873 128562 307815 139358 804681 178927 41904 29615 314871 379355 660546 535823
320910 917769 698327 192135 351474 935291 519337 895928 533710 399917 137323 299991 777658 801065 693880 410556 868380 464210 256112 956203
753949 12995 656046 759763 405756 351906 15682 100134 273903 246131 988638 206610 146666 141962 542006 136158 380530 949491 339516 385584
978048 316090 712377 381867 456220 324986 235238 462724 365935 236104 972033 933147 886242 635352 940749 347436 522243 959018 470579 409563
162242 89603 652039 115008 583564 471189 39189 468344 979467 751571 518034 835417 625197 301791 824496 931824 440897 909936 791398 348590
135742 939556 982301 424024 274857 914423 587875 466909 739775 38333 521919 845733 300133 268968 163091 611572 920162 684873 31310 424649
784866 904288 113376 192515 751984 974008 712588 174540 496147 51118 979199 33355 880214 762686 616896 823261 74689 160156 960781 43350
545807 566130 856605 882815 296292 993999 689377 764125 15284 268692 134168 355231 143105 53122 271817 853409 616519 561693 90726 755501
886179 367570 689514 89839 880158 559676 576475 746899 789225 304972 334448 441751 250519 108815 465676 444375 86963 40483 460708 166997
468470 920567 440235 391111 627588 140908 978319 657453 835031 918722 611729 738416 847917 839965 84467 563358 347015 326436 905179 394066
16354 822018 105189 846889 982568 341916 538647 900331 347176 236819 286596 734695 271890 479570 548151 605493 818453 646497 330955 518187
887572 852147 489259 426213 502245 462603 856881 537563 239615 42515 821491 15422 646664 327438 579018 145005 60366 202808 801285 956821
159320 152219 358716 156135 210683 461798 344447 633052 69092 67880 437334 831570 21658 866989 360237 213095 680457 303982 176523 312564
964987 387344 406581 869739 397237 661430 296148 313159 571116 193769 474569 64672 833468 979384 755739 759160 876491 446344 133298 278096
842287 450121 198416 13477 297670 941777 310518 723327 891605 408980 652557 187184 453565 29659 87913 571093 575296 608665 770465 451365
153086 300197 910811 221032 464176 38714 838827 83137 697479 165001 672870 616513 477566 561385 317490 706010 556087 805316 424843 805234
384044 41112 355175 125545 224989 419685 548123 487201 316563 150773 999882 264890 829092 987991 855942 669603 728843 310330 819243 993963
449391 320332 629458 23412 705074 745661 565920 30321 772730 843051 856814 149165 636523 294913 722780 789926 717519 342873 654402 968323
117858 182831 430676 822737 329077 367348 122435 258155 644612 355363 630115 406539 850503 960738 969356 988382 585820 787747 236315 624927
224971 393310 865646 227897 335692 992377 947549 319936 240488 345457 252979 480660 377173 384011 249576 300458 223670 937400 316797 240507
64718 844322 314881 7069 88932 400109 830008 768848 60649 740797 874857 683001 339582 78592 709242 764730 423545 631339 804709 207863
608018 683269 24426 540035 314198 957740 389728 438616 574152 257504 60897 163032 28626 553294 632464 75511 915374 608142 905885 59626
992434 516167 531517 872719 303370 692199 855687 267212 464244 98237 930067 721413 763225 155468 353504 172126 767419 654752 429599 405424
195461 348190 865431 265121 268748 930650 428349 139678 231253 714208 505998 376222 20295 298904 982023 457078 86464 345455 272719 180597
969676 330818 111565 349725 925896 189855 512307 958222 104128 208739 227690 116910 666694 130582 941826 491654 271548 148513 533963 529885
393315 567953 12718 407294 867058 644906 744581 495319 595598 64758 484260 557905 759012 222966 230862 398823 589519 548614 687366 481503
368905 991095 23653 294789 644501 373534 129446 969172 671671 240048 558554 207225 629504 474107 536195 692399 757003 689497 53834 940495
95405 590838 155147 252061 200039 768063 408154 953862 772895 954042 489501 604302 3788 290914 603557 414978 485982 281298 775480 909730
361623 57980 774651 436741 762475 80949 352019 3231 179213 220063 701366 892188 973441 466493 747446 124640 612209 913432 26466 634654
644338 628503 427284 384460 582292 820835 943153 531561 6922 584244 222940 408902 255478 191295 854430 246245 391099 853939 910564 936147
277247 232069 945874 153780 169894 269470 99924 698672 322974 879309 908575 695122 275249 445886 717464 769591 106000 656134 772096 299500
765053 479234 885661 940897 492670 832823 158265 584456 159834 542958 720858 876395 468674 499061 973271 773280 58443 618100 86131 153432
439081 455646 144666 872416 641455 670645 733449 453859 339707 978741 775598 863037 149851 877141 544645 457679 322769 872775 147881 576884
65540 299591 108157 109793 682011 33126 832843 60964 859784 923647 140239 777247 595418 96206 199851 723853 488924 123063 452762 659659
221320 288883 409775 225238 65525 661493 263667 633468 978315 373783 824759 545548 38171 464411 105189 400703 692595 453666 444824 702352
641178 758551 653625 736536 527319 905956 255698 404879 689456 389150 851400 883786 768357 497834 850870 121231 157343 587275 529942 247017
222286 425303 632888 909057 799515 242155 255310 651460 941197 580310 807508 688374 39017 942230 545314 855405 368530 344681 214449 953449
854797 765183 962964 271856 415599 56202 969422 423376 754359 762616 157116 217788 192125 449626 305006 479041 557755 519977 917213 93576
184861 275762 402268 930206 25845 76002 232115 476520 946497 170483 391215 211649 819824 98612 839652 390017 145221 97767 103762 456250
176949 738779 997269 607282 683178 156788 198 459221 555480 610818 27870 13770 103841 859467 405961 458325 5835 76492 98301 7542
3667 94985 551160 716020 463393 162526 766300 950248 291621 266570 10035 281670 540431 447139 579396 105860 848812 426386 981047 204267
752439 177549 472774 463525 97603 131298 597460 297022 33949 788551 412534 832909 180593 532201 621183 326624 228214 329483 867673 184373
584908 205137 434482 700904 550521 16243 586050 299588 364509 26010 542853 419314 676780 46389 773227 20784 90522 764909 230893 507464
213746 628437 605905 971910 24342 353030 724578 503436 512791 738766 113317 185390 768103 266069 578023 191807 265100 61982 403560 279220
415148 16170 797811 874900 593203 39340 81527 103755 292879 731240 243094 447018 11705 648786 66104 212536 23585 757153 3994 459741
29207 720852 329817 942457 279726 163555 472878 187097 67992 8501 698615 207787 874421 542079 626310 40746 587712 642727 586331 824283
368822 686223 901043 160421 255740 669153 493618 910137 911330 534100 787464 927232 571762 6838 815274 845857 168688 943813 570257 234894
758609 356859 980845 196274 567270 127262 189592 769831 204758 53907 321295 384766 226411 530090 449369 269786 486594 695673 815772 432214
466034 655541 300251 832157 766807 301909 947150 181511 224985 644956 272774 761079 828931 4716 815164 414875 347472 339038 757725 808606
938992 994970 859161 18289 863120 314309 978584 453827 798463 304256 980638 802069 255192 537067 743182 943246 138928 813978 511916 947666
651784 501693 211121 654638 896030 85420 238455 705298 82653 278582 391592 537372 261272 130506 389995 861736 500370 855321 272095 497966
293255 577245 44876 787895 806405 770175 663617 164471 31772 791966 602524 270573 714941 496697 895660 941383 157064 67534 614869 740703
720758 997998 315343 793842 288965 279317 575560 366800 631154 684552 314622 114314 129435 299247 873864 640310 81600 492253 196012 294260
181811 249539 783391 575474 895263 587918 266045 699223 301282 639387 226258 450779 489259 51764 552829 561460 790831 881873 190546 540567
66925 754776 444549 36326 830998 919105 314896 137996 49546 664811 856988 39901 368588 431801 976184 638663 128084 648928 288065 782675
217224 236523 269532 42169 570904 236423 744036 672193 332767 130103 386555 970321 986972 803026 386561 375091 523706 945980 334420 255995
142390 281272 194878 30632 21321 765878 153920 548216 293879 975180 362762 305590 749051 706467 348995 683732 629363 958400 3729 350767
434275 795191 314345 475310 676148 399843 385623 405673 198713 416810 990997 81678 336169 502928 291310 221527 416157 315700 830431 135972
503356 609893 229783 285422 470140 601627 143922 911426 837039 787375 638174 286505 559704 904461 483494 656059 818728 472900 807943 400665
859559 620998 445461 314901 431984 779909 702773 102873 18638 139874 460957 329081 974229 399319 724347 555111 426819 366451 33212 492543
235738 734319 810831 220522 989079 582992 132899 293518 549408 204534 217682 230727 928887 744106 83255 203590 523627 532706 595773 184681
784234 734378 643311 248043 592022 842475 367645 535099 235087 250772 450729 823733 382480 472779 430913 877881 898604 299185 166364 91453
995236 700910 194076 315076 997421 646355 467476 899992 573500 497859 55765 915744 584728 19458 900399 865611 205537 950252 619321 382934
78208 707149 613618 723518 291561 890184 96283 947968 281609 590064 535064 271777 915482 854980 131498 941678 186618 121024 874870 616140
177771 952929 620841 608805 222732 682859 382332 33804 432314 527086 336862 811230 670302 219550 753588 822074 68694 611337 876100 121965
654054 878396 214639 443880 220941 8287 428776 380886 425216 722478 636751 403935 238381 276488 961941 503700 907306 859268 163335 172708
974572 58455 590685 458004 960022 218789 978375 751107 748598 187220 636271 915905 353617 11395 558183 336146 473532 186592 422458 619105
215951 532539 268948 17768 199871 709737 807126 679048 866344 76840 810606 78948 827929 771028 487009 77573 9890 809938 170653 922536
94425 918813 831880 302716 980830 669445 599824 472185 127455 278269 739145 372689 913081 301462 907920 492522 107298 479109 135627 530578
173785 514189 149075 120238 936929 823342 553343 575374 746344 149220 189002 402859 315785 826538 56270 87352 631462 265259 1370 246809
606444 336731 5892 852556 943371 946581 570396 352867 252513 694877 675614 505188 444375 674513 348539 720728 354235 859653 822369 469119
773560 558354 762753 552635 934907 932604 735783 398549 403600 726672 497665 868673 676042 605206 698174 821497 11639 936355 415017 792623
55716 799312 785688 722453 359753 853372 794022 82539 503664 910956 949168 812995 482519 835357 963013 129541 131195 660777 37248 70289
825536 452880 209753 943630 569260 848165 757551 709826 684537 888809 891673 767144 73258 61080 48759 81680 112165 243755 924098 403960
311818 879945 146514 169793 997789 8172 902180 851272 846377 500647 30260 649101 902397 185046 330522 739913 237038 498315 660550 827255
308922 73380 132164 391507 818973 954596 502306 978606 11275 625355 970850 375262 404443 912108 813214 786942 210369 402288 970772 523587
754267 228671 549269 564895 299323 703347 754010 248344 775226 2976 956442 833569 115283 685964 922977 125690 675797 422728 579477 708476
181814 639023 236891 276500 251066 894363 216394 324281 702757 425603 537567 678597 691643 640605 946290 357708 941583 961527 171843 368235
26805 266664 286339 973255 528127 493952 463262 296229 630555 408849 202296 504137 342041 716812 387863 517754 727030 627206 169360 821754
257810 262646 172266 329431 7309 205010 494252 743420 274523 642284 131554 137944 118746 639475 790058 481437 377615 781668 931613 679194
91656 547646 325792 561353 329956 163258 569017 852306 209398 506030 934304 620736 155526 759425 968289 129312 486432 164642 899461 808008
700761 845884 481737 21504 80570 695388 802071 563883 422068 307001 200957 365589 325044 773774 930103 209221 435938 566898 874158 599853
76559 588132 489903 58335 272164 264655 477278 387610 721685 306515 456365 764883 514125 269548 125057 763172 88593 3679 312000 933618
732105 152686 655354 549088 450545 328492 699598 554304 874542 837315 124466 26301 221592 1689 828507 50498 772536 669931 971163 144572
883215 803109 567418 252374 423866 177011 335822 551801 896160 525345 686784 922002 488264 559535 861187 787534 727753 407343 521112 522646
500004 127854 694176 781093 859839 999781 174129 841136 382819 881944 727712 892368 176720 896456 655263 657759 857819 986980 115906 348534
95052 146736 102835 614095 431052 691424 118776 561802 913940 183660 766706 818785 874383 642458 572710 957610 672174 779822 186863 427138
329098 195881 469469 744674 654069 463275 256332 578197 921281 663517 160713 423676 869266 997642 396839 496171 705649 104320 822726 761253
651998 956811 955723 951678 505625 789560 118300 879200 590447 201425 400996 878988 994809 295433 802750 567237 170093 712920 124524 965571
801558 127714 338159 232747 834115 508274 244800 859793 311518 790856 8648 69253 140172 528703 888857 280580 48150 867061 165343 684141
132024 115767 625228 650082 289133 251067 406014 72970 231112 532550 1548 675737 610514 636199 654537 41237 731830 54840 662699 198335
763725 746173 307983 995512 157131 754111 116377 626074 70528 564329 860288 19405 504617 781921 366621 170740 581055 125032 289407 836905
608020 272303 960779 898855 624134 660314 387539 465858 972113 278900 310594 929638 621174 348001 127107 620850 511068 543425 605813 409124
618825 675774 682518 344793 190104 26760 750206 809522 580369 267675 974050 862652 223726 686474 2402 997880 258070 235941 832481 538119
244147 88458 344453 564722 361059 504481 174890 874497 783452 288522 39805 195642 413785 692522 153670 242797 959258 428512 765949 732172
656842 876226 48902 129411 254131 425723 428823 386706 81588 735260 1964 398197 695751 196162 107464 815241 407160 927000 89310 546570
628709 968386 155133 134511 903171 490412 326421 440273 259723 406254 414877 508346 130962 843138 956338 623533 249347 47831 876751 127444
863858 546170 768186 480169 666983 247305 676856 811452 331085 488612 480022 225761 909071 298505 734419 777797 380337 169223 13199 347212
853661 940790 145448 936569 992228 240023 518847 166505 98863 775784 986573 775083 843608 831000 60851 360353 60404 965904 825496 920479
428165 850047 341572 63715 22667 465272 765083 883979 572001 152935 183393 99454 355464 631408 10734 992716 712907 204954 263604 52715
43358 285863 73411 393213 953541 224105 163214 381318 219432 416582 295331 892663 726720 585020 520531 11718 738552 502051 301992 353937
27597 354609 877916 389521 455200 906074 779692 894933 892974 242063 765516 21130 915300 836990 842603 451562 300200 215639 353214 326606
523619 233143 657696 222656 99014 47468 832932 358506 984084 97664 854155 571680 795853 771758 149394 686780 68476 867582 958344 775091
280410 768712 657835 169512 760283 991660 171043 297862 639425 309981 543658 318018 586103 127123 899524 208858 295494 933412 538140 165788
219591 864852 71008 394652 736888 335835 722836 853827 68807 50991 780006 694870 601304 527822 256197 826396 241936 649070 698517 251016
561631 725335 550383 876968 416885 673726 499994 431680 901448 441087 985671 791638 975235 642420 146738 435505 299699 294982 582879 229009
197208 111702 378868 336812 37706 538172 249584 201257 46629 732569 736245 460917 181917 565959 901852 721874 846399 419280 194331 951987
128806 247881 241108 126285 255083 719718 253534 125884 944548 229058 352625 22465 690345 870172 187512 328518 960163 48253 709117 782172
91740 488035 4017 941241 686268 647377 753104 298116 252497 204290 814665 193920 965853 643030 952952 281057 500619 270893 847614 696912
858503 223078 49012 335590 648008 112077 986249 784376 697810 101190 774157 123608 414596 515340 552100 960638 718512 911003 881948 291586
55460 774610 194155 875830 332347 70266 582124 27950 119704 587852 677998 157514 223121 522300 446729 411031 419424 777557 293153 639474
496644 775889 652502 340706 750108 337011 369056 220080 278213 732434 686700 994524 75319 421103 912939 620828 425089 597121 263366 680374
313701 341660 110444 876519 34887 192517 557858 459417 642367 250081 72229 71824 607018 123805 261422 427957 245255 51104 915547 552841
140765 394123 718162 319014 937523 493364 266415 957934 811990 163758 877999 212246 347112 492721 294805 24358 80104 41759 416103 486819
399913 212333 768367 347201 92354 625578 873622 306082 263270 408487 166075 339369 113174 620148 154832 415320 737486 559192 563661 19905
327615 30063 290462 463744 554952 890379 745022 424858 662056 639384 701313 679179 282226 316315 281237 212726 98312 40318 237874 745325
301641 886272 30687 628363 285765 991104 708814 972649 640145 47823 981644 822403 113935 784024 15124 276238 196074 339609 934672 410678
262853 918986 113452 915764 672344 568142 46299 406118 446193 26247 548040 873636 526950 201188 326560 246051 106696 824957 790761 148589
285560 529934 754059 574694 86628 87328 28069 132743 25393 406825 146713 158746 443442 681348 734547 594397 538601 200731 462140 836977
31944 32566 910571 487756 891674 96179 630623 604527 489797 616241 852253 331906 798636 724672 854319 86215 556374 98678 391620 717073
987449 269937 890482 658470 396885 814615 649032 353072 236240 744835 178210 957059 835416 995464 939430 730189 291895 704479 902289 458264
262397 995545 912791 831295 621284 766379 345827 849612 295622 237364 151358 525988 803045 607561 503656 992353 626554 793763 999098 925183
514246 93346 873705 330633 796698 674866 3365 308289 800789 512852 75580 725104 536531 238138 41467 915374 41240 487972 859361 644298
302972 846064 333489 681827 814588 299322 312123 298374 308689 996958 112278 670888 534731 709567 65105 765920 579322 50904 353077 609759
426106 71314 1979 333991 438542 884863 486540 600252 445334 62781 228100 108699 222928 193952 744938 834971 163377 916522 5471 114912
690013 699637 78331 340455 175856 125211 225888 4428 21308 224673 720184 263042 918508 966661 701300 427519 645343 563299 666152 892694
137299 301224 301101 898180 915683 536979 375384 497275 675067 536368 330778 441213 278823 174574 65290 847351 536989 169295 285957 156612
324985 574905 518433 615272 186102 597450 205790 383825 232685 932627 763850 956770 745388 164127 73274 448410 566462 153798 883208 184916
842073 299554 472802 30399 465242 808081 381850 385111 39128 743352 680886 974537 244985 360981 801150 548911 167249 14377 496224 455984
989267 840836 898114 221015 927248 90314 642904 401383 210736 658298 697464 609888 619647 847997 437941 335056 729972 81045 161519 819984
791616 156441 989713 838234 841490 860971 496263 128033 303597 871607 112452 833954 91535 821746 158496 528566 410870 537820 6369 308670
755364 519410 598516 643960 33725 28037 216601 839194 431527 754865 51985 953382 187573 995995 804482 537330 588531 289762 903558 195021
419244 457422 711216 335364 162090 443545 495751 954258 855430 606695 34119 43989 529924 307749 311309 84736 279992 618397 464948 885982
49630 505317 923930 361036 277445 395898 375598 792030 291713 790950 778203 913661 196424 775617 964580 993176 539650 484949 485416 685511
529172 927710 734554 87954 315935 762357 266607 105677 92481 599556 324738 772626 894107 847251 609338 270064 96945 755896 564154 147052
692123 676111 691614 629671 133108 938641 488999 424344 751371 775929 954360 616983 166063 63558 269446 774318 236141 525897 522579 841067
525760 784845 741568 408609 263063 88590 412477 217906 279697 959658 118327 96449 40299 900650 753657 8728 564427 296658 74676 871230
694690 854216 658347 438465 792433 705645 269603 354070 906033 158415 647833 69947 364033 28818 780634 806928 164091 664796 530570 925983
925687 359087 411216 73139 235854 772534 379527 69975 403118 862460 375771 849733 505258 621991 779301 445530 277882 40550 450987 307260
635438 491726 940363 460770 656469 456511 483275 805392 439108 837292 363882 367156 860763 520333 100757 303216 666217 202707 702919 421771
582433 797070 554645 851930 991543 57809 232356 814197 681661 689699 724395 522212 314479 76192 989858 823002 739358 856463 797676 754931
188809 438753 114357 732829 725144 821224 290499 818152 310321 420035 665747 850695 900244 650379 719846 221834 46946 635101 221474 859989
679835 254914 354375 389107 989510 276054 108780 164561 949710 455032 313880 279430 521187 364007 320437 872673 206289 453827 962086 126055
799992 515819 220258 264824 363391 356355 372058 163998 715889 750932 120004 451748 475190 868679 344381 113582 389663 33503 234995 976631
637733 436376 245075 351259 963213 75816 484713 315726 782938 858488 502101 537522 379460 960794 589686 347623 312717 719067 703311 301824
393278 158265 611347 262444 40634 219027 671612 290548 809676 342460 945872 904653 273297 297015 156966 950386 99611 222301 872599 5367
442707 202056 549835 861929 94787 153779 530844 352038 840994 434133 9157 738210 11096 798333 312039 905412 998670 302251 697248 12399
672524 959408 363334 520602 516452 142211 83192 285815 234907 201289 380052 127046 502813 488423 18340 506002 381252 654197 200200 370798
791622 64767 477112 423693 203767 660862 541628 492110 8488 494941 615153 141338 13532 237158 387095 742321 427663 270033 178466 724846
850111 730234 655034 492303 581844 312369 46849 594432 346102 935315 908216 758281 202821 879120 700903 509243 476908 547748 415166 675854
464688 510525 819329 898210 82639 66083 862429 221163 311169 543211 612567 534704 449528 754853 524690 227467 389739 651650 280830 682001
812004 738437 624507 127942 273687 610421 582693 978897 437372 629962 193489 527043 93432 279661 465596 266704 948755 882000 64476 126890
307560 567053 55865 809174 303797 44416 187994 78142 26095 899314 488044 204891 44110 242589 887376 229112 658971 377039 931006 934993
586603 948865 882265 379223 550151 741965 310506 942969 456109 379937 362164 876733 380442 272567 973252 684604 541442 231977 572696 763716
160855 629572 759004 90000 599656 516962 349067 752049 917101 968455 35074 451822 775264 763513 385622 320186 636985 987064 863091 410902
877151 999923 734328 880870 215524 475355 771071 49772 706795 656197 267452 536363 946967 45345 560878 497247 745085 938252 409194 14164
628638 46872 177746 275337 162286 661327 944297 227474 210097 385051 823212 76919 612189 292409 437176 311397 893491 143947 213722 99730
605050 603887 889418 936727 761949 14109 710931 762341 523646 325159 630079 747561 541160 268509 893288 649806 780838 662569 189133 93166
510230 393349 364998 642567 916661 577152 346055 420603 925571 217886 209781 711203 452734 744454 124604 205196 390115 403866 543782 666455
727716 609168 927579 56566 556567 715599 54551 464611 140245 22030 524627 330931 92529 637499 817212 479934 885859 134899 11657 385289
268037 848680 309841 189506 637192 563067 317103 255794 317401 96842 827311 967173 621696 788379 557005 202590 178697 640625 799491 809964
439551 813662 388933 130582 748592 41835 370419 836974 343317 81135 66561 176079 86218 797707 801067 667784 861306 576000 950611 530944
712447 922202 891445 308864 279244 912913 119540 120314 755681 185303 621886 434 273980 694791 820530 301197 437355 785761 460909 406940
362206 189072 591964 999727 446809 124481 926081 877626 251017 797174 442544 678575 748003 899248 577757 896704 220762 732901 555663 836850
348468 58456 912890 388873 920106 941832 727062 819003 797137 437546 421943 925840 550096 755200 467421 599049 685799 213294 330803 63497
745823 110795 484703 49028 523018 612157 225503 949574 631716 217432 548665 41061 460265 197505 969156 702215 834385 145678 510024 126256
567320 245835 856723 536061 740483 182155 135413 833742 239791 442205 864914 688984 114525 563339 411062 626977 917467 279525 138656 77774
59382 273864 133827 792382 966710 58000 822978 118565 324992 292045 720893 329515 383248 300186 63333 305975 554638 903828 720467 115295
332579 798709 238401 381979 664803 248993 667771 604241 893793 420659 193231 919967 175721 508986 242772 271023 188068 768673 521718 305789
789786 396913 357759 168759 645689 879708 801172 385642 733215 492423 252895 257464 776794 649339 876556 248534 760506 228926 143739 840416
890074 402158 47810 129061 827581 325735 371150 46720 44089 15575 649576 471650 509989 236917 507613 949313 742900 288665 967045 607266
103448 751067 477494 493000 804138 387529 842123 295640 439862 417627 436633 55070 246557 335274 588974 273165 111431 886537 511362 752450
919323 795787 833954 788308 671679 244645 256534 33566 498656 247946 992932 307431 379189 11066 868197 942211 62477 943996 16947 519130
876050 501761 905926 425451 335119 846097 665994 746095 430088 520512 313003 38227 597608 671998 715357 543770 71064 912696 774379 380127
560563 870909 516595 310921 294294 348864 323350 446539 83861 127874 590944 856610 216519 883360 749742 530963 436567 906110 891426 695825
326822 316281 561742 216589 365455 182229 741120 138933 690756 988822 468651 900692 795854 985543 59434 972354 707168 499926 778370 535315
639378 936309 658121 709170 673928 896661 439735 183693 529544 887042 42798 466319 520753 4493 901632 19369 791218 25065 902770 159337
894437 643510 189952 360227 133809 616108 617696 518953 425792 283022 892006 214733 562152 127736 147870 896360 165060 708398 890630 557990
332599 649241 636054 955381 723016 637927 234171 940917 208601 5456 987109 375116 582251 524750 209718 641143 250714 76643 965139 797426
750404 918767 876818 814231 826317 54576 928680 96877 187103 698126 179570 120808 291108 553143 505112 175263 662335 535805 496059 214003
250878 42043 234262 686603 193890 841530 56291 109391 894225 966141 885291 698846 405467 440971 330514 578304 688817 660497 608382 618772
446664 275823 723031 876300 224055 733529 933456 691616 300284 862056 144184 283570 509118 458213 651109 308537 579225 485722 984348 221632
213126 272341 414389 277894 684116 833148 212357 931193 727904 847174 721430 218370 171213 88623 480244 914392 977151 394521 236426 427275
173077 585456 181070 636736 274276 178685 572227 659882 794166 201449 432882 803878 594776 623419 122899 185772 237172 578266 5357 875520
371416 705430 330475 568561 623105 963191 267467 849899 147028 2648 692897 17814 947669 913510 429018 797773 198729 375847 813286 296627
559450 59949 98703 825736 299604 83502 553514 118273 124902 30731 274995 267055 76584 551977 657078 194657 324914 776991 674709 371287
765761 634829 754030 912916 137274 245868 774237 663715 294855 386256 403542 822572 946654 207328 191868 411540 503287 313490 783592 538559
559556 971021 312161 953877 829486 41632 126913 898055 574277 770580 390005 24160 125391 140768 133707 750468 190748 447703 93519 888037
590312 119593 88130 337614 610973 260446 50725 420872 425671 347850 52235 908618 937667 696915 683011 134706 951719 695165 868602 40864
975547 893054 967668 832742 989876 719481 806624 30632 533980 170795 414688 460540 535117 866919 500344 59843 435995 82441 668898 976672
125169 490772 675341 617993 583150 797747 890425 860800 731374 931606 284682 271592 86380 787940 946461 236435 748006 801272 84297 671700
282046 587367 999103 361128 646073 817390 52807 453848 18615 935292 269782 800561 776154 281680 317059 4632 593595 284582 726445 689806
841651 541700 608615 964219 257508 566607 696228 316423 702588 351493 825598 102454 984523 671476 869642 84762 379605 401492 521443 477391
667238 42276 444408 226244 452659 571386 472533 598259 226600 182838 735508 516474 190523 995110 309800 214590 413489 33845 66173 614535
840682 675296 637520 384650 266607 314240 429851 84085 532283 772079 601512 262275 624179 397244 360815 490656 426430 937839 178070 713785
184053 626547 709286 578688 188427 892994 108958 686524 195515 241225 612739 129257 842964 472521 291281 958344 528468 43342 120803 438480
975665 574367 382504 433188 762566 800552 611788 856790 365431 612219 181816 916688 941300 116998 215645 679976 796894 386404 961266 532333
992067 677926 525738 583899 951241 944365 228638 67726 205625 637649 401567 823319 399559 365828 286949 740912 400068 381774 20592 651783
388189 882763 433073 541726 170519 817267 18164 365741 845890 785040 919250 985143 853175 333058 208207 513453 748313 321431 436081 107965
422045 992366 846816 974195 131454 941987 928078 659657 475048 96136 903638 687835 415661 259218 948947 396696 531782 283200 104 745542
420614 703980 319878 55257 771789 200390 580587 921954 890765 134547 977356 712321 525658 965516 924477 251744 944370 849726 129007 25112
576717 362061 456243 7829 896852 235267 639583 721975 350017 695650 836419 912004 537452 737810 714577 345640 952405 469443 615066 387716
597541 825481 855317 446977 757252 421156 438828 973892 578 164473 666900 349215 490954 899578 706060 783524 598688 503327 141832 586524
469148 922587 845406 622696 454255 501092 802803 811560 491746 213848 253436 431589 197449 475775 660712 459044 738512 534823 904636 912858
692794 289408 7918 25732 290837 811771 461455 341922 151663 373688 866102 132328 488007 51384 902881 152356 797197 991892 752654 445778
733957 818118 616459 367068 284209 980243 95593 914280 967889 45059 833919 357085 880990 803491 995441 308578 553363 91901 175056 589813
356493 765696 558344 969912 452360 409434 198210 902781 197242 938305 506589 923668 568372 833585 263123 164186 334150 541372 460158 86747
126969 766639 260212 280225 568514 592442 324186 742020 339931 245247 450736 661537 871641 296869 883479 213977 222780 174175 667347 419626
155450 849078 593448 477958 406756 812668 876994 687496 205492 231807 85838 228503 548444 659499 599274 987676 785317 230334 256563 121599
465825 701123 69572 754354 500328 192485 90071 117259 471568 394439 820794 881438 320932 257601 199597 478277 307583 699565 90562 397822
556933 151841 170525 311281 581282 296409 632997 267803 377466 808914 275908 240285 434884 179284 22346 696822 953973 151210 736365 620615
56204 803238 780131 650338 451978 407630 707879 29174 301739 873802 163097 935863 631452 498869 851415 152571 388184 237279 654963 585341
905262 68720 387814 537083 616862 760525 262662 564308 251375 388188 170081 787959 85652 976850 817825 964186 532174 699063 501555 454940
632785 52348 832292 342552 665213 49828 345769 853391 495563 572896 718865 39223 853256 917523 660077 369954 240061 603451 812421 2964
634344 426455 430102 218986 222311 926881 164021 362083 537425 334425 906713 93928 503336 334920 197498 811988 451864 198950 734581 724913
218945 216380 51804 933896 389062 150310 159440 430022 259798 348616 69164 266919 111351 602275 941401 66546 120914 942164 894249 100600
40837 475740 891243 324704 495717 926421 243880 108117 982689 681981 113341 12089 495375 239518 574808 704529 932422 99560 876414 199283
76239 181077 891881 86024 367226 216011 62445 11630 258759 865703 934854 475026 452035 672410 430826 633207 384813 157612 355007 940913
535907 141954 562433 547505 804792 336867 115485 272380 330497 641049 493893 461539 459822 122475 795079 876967 279600 861331 154504 511556
158617 877110 963721 705160 173436 110465 589038 588132 100597 297055 222107 278884 428279 811825 182313 826710 766742 826314 745075 553031
456113 398971 757057 648766 113734 734845 495867 590842 851960 685153 605150 86525 161511 173486 539521 689896 982293 664378 391236 746912
378564 693865 796894 249925 449671 387759 665865 297569 159701 191106 784846 728128 785116 569522 292053 828478 348382 998004 166143 989524
748262 421064 242779 635024 486616 981511 444216 284565 860104 308042 713905 346168 618958 566749 494308 69832 453715 653639 184836 459123
477462 525809 618561 291363 817712 870418 232326 476893 182566 384628 270502 315453 17815 987130 405870 959986 900722 632142 217452 547068
805797 708090 162184 125706 27384 269424 592320 218197 685407 160232 620452 412404 57967 872905 245463 856704 34490 315743 742727 556851
589584 384253 992580 930400 250615 796893 61134 817425 994206 481880 618400 611986 346712 807397 734490 336442 430174 93202 913210 681719
97583 363620 556135 648979 254524 24162 387041 956607 263093 824930 43842 896040 610304 501459 15663 753377 435683 141953 474966 849354
998459 50455 177569 480121 99494 741236 949021 665879 29013 443059 94506 880935 862413 962076 418253 454561 357757 339639 823369 391452
494832 215107 799059 990813 646526 606583 461788 645715 770725 359490 351494 988452 75699 591986 279799 81716 280930 696580 176109 596854
134325 621917 839843 5607 553184 405505 964358 569112 777288 943919 68871 341013 325233 914662 964376 259081 173034 250212 363213 986805
71203 699804 307800 244578 715392 408633 302813 388636 382116 237050 387367 402159 326743 112136 416665 37690 942144 957876 526223 597694
424564 842045 720224 587996 906785 573379 631937 282118 133840 416533 105387 971491 63352 929639 728070 324010 717871 319181 33174 672366
44925 343796 712245 129929 609995 101127 981083 618299 349108 551655 697267 685571 639336 953558 445804 759930 831096 221449 117879 478201
73013 966697 895543 164685 172620 953889 310935 169268 414902 598607 722628 564871 308789 974030 127559 593472 144038 942946 91096 5437
549940 286341 609377 762349 396932 248615 597103 721101 526424 987326 217148 374357 220995 302229 746087 138394 261796 120186 985553 967199
196830 258280 305628 16739 896817 122803 909972 272 50542 766855 378935 463536 435754 10467 990345 419090 321536 946547 421306 595027
440200 627657 384147 103890 657127 351078 975805 86226 2968 280323 514217 134863 93696 286962 278758 802437 237226 116487 401886 50174
811369 436602 122757 247881 598752 430357 868892 848750 295924 647660 573716 232112 847640 974257 308039 681750 303118 265838 223479 236559
662788 753899 768891 422228 637967 924770 556427 909044 205672 359602 718658 781623 136697 169968 359564 656824 347896 51428 640044 487792
882798 749222 196971 769848 512898 900074 884041 314262 746975 683468 987201 684525 121293 35367 188075 900700 899618 305434 199438 167222
854634 756556 668255 466214 569902 608356 591875 547315 549790 833225 116328 499651 260282 536039 516141 722584 934242 428791 810692 704829
358076 215109 245168 415878 80045 533605 832126 775201 35376 900903 994250 580317 179997 768749 690379 761682 711849 988647 840588 661328
42209 927319 722691 411583 496213 685446 856645 88164 959682 241393 789532 868901 922232 536141 848378 757276 327633 146982 11577 841824
921163 796428 231957 514906 88227 557667 349945 744477 310745 558447 615398 604185 725294 19702 356360 385238 370610 63712 254888 529672
796743 814324 295384 910804 447291 945424 193477 752852 480713 159664 477277 818648 945383 24761 450039 644254 997858 412582 452866 713621
120873 769783 196043 134646 764631 430391 118917 533467 983790 638717 825174 134554 640452 662106 395996 620079 137859 45768 949605 940010
949650 859470 85114 912164 627948 39809 638465 913421 573745 156548 806512 79903 341336 20536 694596 945248 902294 924902 384170 908053
755486 248440 820584 350611 450695 67414 885009 171810 131352 440495 966377 913659 135712 179902 652002 106032 634306 622275 711621 573764
479437 882406 529607 33434 856133 840790 724507 181103 403551 682324 708431 383764 165329 47921 239319 898292 950368 733122 722737 830942
231895 786586 679864 240684 946025 796370 870666 681342 848295 855559 992420 506492 890409 271344 146504 29993 265806 439134 315322 541755
334851 137076 687067 801676 664304 451342 144789 196378 465496 725328 527924 592243 323669 932445 119636 732599 442473 487690 922437 556531
332714 709743 386637 232168 530392 983837 948178 559807 163958 305361 789561 116331 409096 13667 724277 802809 120964 956717 907485 847052
560403 822390 968146 867410 703097 783337 264022 857412 553061 667526 194622 209437 721591 209806 164341 523967 131229 506859 813682 348740
527990 106697 468561 302815 833920 989265 807894 617372 796998 720181 600804 605541 825808 974798 495307 95727 467619 527032 133083 183021
928555 221628 791302 656615 530274 578656 908895 464378 304651 552282 870046 558508 306474 771718 281833 173377 905262 842629 439630 793591
85328 915886 27639 708649 745186 340512 334597 910981 885655 444751 678043 633614 176477 914039 88123 336660 284925 191096 866858 865302
866780 806243 934960 133336 352492 386129 432593 514941 426879 647575 156077 192678 648230 398022 942364 666128 778696 274978 809457 921457
258246 72708 451594 445446 999334 599693 746595 944113 631972 632612 420546 238480 493981 361644 653571 222798 975719 919715 798622 386562
312155 947644 502446 847851 136209 257799 842120 426493 84638 452947 457967 123114 674762 558892 509092 263981 454318 42584 688139 292352
619469 355576 954855 61615 79322 180185 867672 234272 315216 296852 658693 127719 560036 3252 109590 42390 232140 804214 472862 591686
556072 446887 81209 305635 22049 807596 595735 650091 50217 97973 79631 340922 795845 6175 471333 28026 414488 638334 195633 581344
523931 868311 155787 552114 564725 720249 568436 962890 979472 253030 766673 962565 578277 555724 521869 393087 699676 835187 92521 74503
686514 566371 993487 125101 435638 500914 288844 327461 681494 758074 562206 91468 880794 84645 631965 835878 571604 969288 933805 37645
643301 667070 681064 826102 228111 140438 480244 322669 392097 427354 147660 725509 168233 67969 55544 768838 459160 195067 715907 764036
71845 118603 904924 649994 167900 682891 878951 144644 254616 709821 572850 594256 240071 134667 629600 594995 262695 953565 934442 654252
706435 31190 467885 56450 378508 858479 382266 846203 957027 429179 864841 470525 443771 635102 788761 437146 672779 831153 801082 300717
877831 684732 655664 995805 763871 935811 296259 177611 175050 32433 266059 972620 60192 828440 672991 78035 531724 495588 515396 227936
350299 231230 793977 373700 131153 270519 358965 614294 586671 165389 964069 564832 667399 824048 283792 598344 236125 196254 102811 581312
947581 744976 388817 919812 627096 465625 53237 727019 724803 764647 920452 978103 703835 255748 899982 128516 794322 405959 30383 479375
277628 902774 159439 126704 154130 928836 8106 318017 705000 291611 601683 302875 294977 137140 977476 837688 697465 339369 148610 618597
489289 30078 79571 902263 682158 257993 713462 648738 915864 670696 700460 503779 351617 465580 953111 190744 388610 529934 562907 739198
